3234 1981 17
13548 11928 49
7194 8704 25
26624 11038 22
21655 4129 12
14743 25863 42
12429 4833 20
28413 18811 13
12281 12989 6
11040 3147 8
13165 17126 6
28485 9551 20
12050 23095 11
26002 2526 17
10916 9854 75
8494 17987 11
12103 23360 21
11851 24433 7
21203 16175 10
19904 27450 73
6868 20816 34
4511 17255 13
8184 14913 17
9354 25671 27
7706 8345 26
14471 5021 20
23839 18894 11
12354 2896 23
186 20640 13
19473 14873 32
9503 10422 15
11653 6191 6
1516 2824 20
12946 750 17
12640 6257 2
7153 28867 20
22315 12640 3
19765 26056 11
12131 2271 12
14938 24117 25
27556 13010 35
8346 7821 10
20496 186 14
9399 19395 21
15610 15504 9
24612 25291 8
23041 3257 12
20953 8637 41
9579 10424 28
26072 5145 6
15483 20703 47
2680 5359 18
8964 26873 10
12906 10754 22
21542 21875 20
25032 11721 27
14258 6495 16
14342 23541 8
12172 18178 11
9198 23360 21
9508 6025 20
7474 18018 6
22853 10066 13
3188 15003 18
24631 21193 16
22377 11656 11
24773 12103 22
15958 19519 10
27555 1157 17
26064 14870 28
17736 290 43
972 109 14
11372 16866 13
10420 2154 55
22739 23876 8
1856 4431 13
19221 9881 45
19787 14008 10
5340 16263 38
5681 19273 11
10799 27758 12
1526 7460 10
1133 22853 17
845 17255 23
9274 15587 28
28539 6248 20
4279 18811 9
13936 21607 13
21329 5668 12
17279 3828 38
24060 9606 6
3857 5876 8
2279 15491 27
22500 6852 4
8467 5575 10
26915 6844 9
19813 12899 9
16833 9223 17
24433 28999 5
9553 13391 18
13007 8063 20
25545 19519 11
28186 8102 13
5193 18255 21
9953 2451 43
15865 13095 11
11038 28799 20
3262 21421 10
15568 7429 64
4599 19273 11
547 22840 10
7998 6401 60
11628 18357 45
22864 1092 16
12379 398 14
23960 17348 30
11267 6380 8
24812 2515 14
25653 25599 18
1532 17458 7
9303 13989 12
11652 12946 21
6787 24183 16
5891 23478 12
27016 5145 9
17839 13804 3
17120 3918 3
19519 13830 5
11472 10288 39
17987 10210 10
21875 27302 13
18154 13455 11
26734 9503 20
1725 278 13
21455 1529 14
25364 27325 7
386 6248 20
5828 3456 41
17196 15641 18
2394 28524 4
17659 2455 13
17281 4407 9
20999 10383 15
5876 23860 6
21485 15928 15
9433 9179 19
1624 1813 9
17269 21607 30
14390 1402 8
19962 21193 12
12042 28823 21
8449 11925 8
15873 7528 8
6120 11629 8
12357 26730 12
19836 7967 11
5753 11560 8
23793 4719 14
18145 27887 21
390 14913 20
23536 26357 25
5090 6914 11
10002 21035 8
5722 14949 19
1067 15990 35
20072 26264 37
6415 5953 25
27246 5359 17
24380 4966 12
2058 8013 12
14053 10260 10
2228 15869 43
23789 547 11
8428 10909 23
18577 756 20
5158 20196 8
8925 14673 13
12099 11840 36
26614 12338 11
14666 2461 11
13562 12038 10
11729 24248 19
4732 21833 13
2919 26930 9
4078 28107 58
28628 12106 2
15419 21265 10
15711 25376 24
6157 26447 6
23154 26039 3
2362 5981 19
26903 2040 24
7173 18577 27
13680 16583 24
2540 24442 9
21354 13285 14
24858 14316 17
4520 4131 64
26721 2429 10
2731 2580 9
24590 18425 15
6532 3073 17
26304 28215 20
28267 19203 19
14983 4663 10
27973 22853 20
18760 21829 11
10978 8530 14
695 4792 17
5945 1582 46
6365 1421 20
6858 10383 20
24288 9112 21
24036 9302 25
19740 13455 14
4076 12076 9
11290 4537 10
24164 12989 2
1277 11656 4
25141 26070 11
3288 25305 36
5523 2436 10
22784 2646 14
7529 21738 10
11256 12106 2
8337 19765 12
1236 3409 16
17551 13393 20
2896 9375 8
16969 10501 20
181 20657 40
5755 6257 6
5076 3857 10
25783 21660 14
125 26670 30
25154 6302 15
11481 9450 20
19405 18796 53
12066 14129 10
27401 1408 17
4976 22286 26
28810 21738 11
22098 6252 5
25028 829 11
24951 1247 21
27719 17458 6
21078 16358 2
14438 1454 32
26872 24849 33
8030 22502 30
78 11653 7
22613 572 50
11002 1621 34
4407 6422 8
26155 24661 41
4107 24667 4
9446 8967 26
19571 18907 14
22318 28673 12
6272 11769 27
209 15659 9
27682 10925 14
7175 9990 10
24667 14765 3
4739 25401 24
1635 28454 13
26414 19016 4
4553 4328 21
27245 2152 19
26725 2790 10
14738 18260 16
6269 27325 8
12338 7315 8
3976 8085 8
6570 6184 8
17830 12847 14
4587 20130 33
7857 17641 20
10951 21485 20
981 8859 27
25770 11097 47
15366 8346 12
17382 15771 23
19557 17116 13
1969 20793 20
23012 21386 16
28882 24868 9
23246 18403 15
20201 2486 56
9867 6526 9
3257 13932 10
7755 4081 40
10310 15760 11
24529 8714 31
8771 7582 10
20663 27556 47
13752 14213 31
17074 27761 13
28952 14946 1
28783 2450 17
10016 4681 37
6353 15479 21
14689 28660 12
25383 27045 15
8138 6844 7
28920 14826 22
8236 5449 41
11293 475 13
10674 8236 43
5884 3303 6
12960 5210 11
19040 26820 39
3129 28088 9
13391 1784 16
6121 3999 13
2568 8020 17
702 22935 12
7503 3918 1
24028 1568 11
18118 21836 30
15050 27642 9
353 28867 20
5052 15050 10
2152 21789 8
8746 18403 14
27624 9655 6
1239 18502 46
23724 5449 43
10894 27325 7
10449 11781 43
17468 28234 18
9046 8172 30
16972 27595 55
7065 26264 24
24159 25384 21
10362 5559 16
18289 19201 21
1981 15130 15
20427 9388 20
252 25857 60
26053 7 31
27755 13544 17
14296 21753 28
25074 26218 12
2451 17882 42
28984 19273 10
17684 1189 15
18103 7755 42
12003 26486 12
17956 12589 12
24187 756 21
3410 3075 11
15063 2745 16
9374 6728 3
16032 26658 23
10857 28947 12
17179 24849 33
21589 1421 18
5692 27719 9
12651 5576 24
4827 5359 18
508 3677 11
23524 16111 16
1846 11656 3
27585 19317 9
27178 20838 11
8461 6184 9
5393 14946 3
3961 7930 11
22851 7174 11
5480 3812 11
8446 20134 8
12641 27719 13
13240 9354 37
18945 7315 7
23427 28496 7
28558 7486 53
5169 27845 8
17998 9477 62
15183 15869 42
16848 30 29
15574 6725 11
23604 17830 15
9594 17317 21
3078 17982 18
26522 20174 30
18172 26730 11
21938 22740 9
27495 18103 43
25830 5537 41
14078 26116 41
2707 15774 15
1019 23397 18
8905 22978 21
2961 26670 31
6600 3839 10
12070 452 10
23399 20657 43
21639 15817 10
7937 2731 17
8020 8115 16
24786 17427 7
5955 23611 43
9250 7024 22
14426 19242 3
22127 12814 64
15839 1408 18
21934 12033 12
24116 6844 13
22595 8719 10
8085 24181 6
26219 24760 46
12227 10460 16
24457 6312 8
28586 22138 34
5279 17114 31
21116 17856 5
1729 20294 22
27664 18160 8
3269 22597 11
21623 15274 30
24875 25671 29
4507 4537 9
3917 17684 19
21829 16475 9
23708 13754 28
24568 24372 16
18979 20530 35
8859 15264 24
4157 16358 5
12898 28858 11
22963 15659 7
25212 25090 20
2743 18894 11
1040 16662 12
14888 1071 13
25135 1659 19
2214 21485 19
23685 7559 100
1092 1370 12
19370 13547 25
19799 5854 12
17394 16029 6
23899 18945 14
16232 12181 20
6931 4967 18
16663 14390 11
22652 10317 32
20957 16440 10
15035 1133 18
22852 14775 15
6808 3310 17
12831 12676 35
2987 17041 8
5421 1351 14
24868 8085 8
26584 278 11
2717 23360 31
3850 1669 11
27797 27481 9
8865 11046 19
28900 5184 20
22867 27127 17
6422 17765 7
13547 27669 19
25863 27352 40
25703 20429 9
19507 5891 13
26601 8561 15
27742 28107 59
7058 4967 28
21685 15378 12
25378 4670 14
26358 9492 5
24395 5859 37
18296 28222 19
6495 25866 8
27519 12048 21
17068 13455 13
21266 14797 11
23108 17750 23
1233 4663 7
5273 4407 9
26305 14089 10
12778 5887 6
19702 19110 43
20398 4410 7
21435 17321 22
27754 19024 42
7128 8782 42
27389 27734 14
28408 10554 88
10145 20081 18
16420 11697 10
11928 6248 28
9051 19772 13
7578 8196 51
22252 12667 14
3453 11296 14
11689 15672 9
7800 10490 40
11026 18260 18
13401 18300 39
11210 28485 23
15815 16737 11
20240 18029 15
27559 17876 89
11296 12380 12
25566 1775 27
6587 1713 12
18357 15183 44
13600 10016 49
1920 4222 9
9223 1781 15
19490 398 11
12364 8380 14
5723 17684 19
16440 27522 9
3612 21836 13
23798 7786 44
7819 6570 9
17317 1133 20
27846 12775 31
19670 4259 49
25058 18577 24
13367 8905 22
2883 2668 27
12780 16008 45
9002 14213 57
7031 18772 10
11998 11851 8
14819 8710 16
9018 3147 7
8116 14416 18
2658 9046 32
188 10026 17
4014 28999 1
8001 28485 21
3911 13975 17
8419 27624 9
18796 27426 49
20395 12899 8
14775 4743 14
7759 43 25
18581 28716 9
9944 26155 67
7048 11479 12
15760 19363 10
15964 2436 11
8180 4524 41
20067 4827 23
13866 24442 2
4743 4543 13
18248 5523 12
1714 13949 3
3147 20628 5
19755 16683 18
1983 18856 11
8530 8482 10
17767 13146 18
10781 17442 11
5559 9867 11
14751 15825 9
8352 10894 16
441 16765 28
17658 28060 13
2818 17243 12
20040 14121 96
4388 26306 13
24425 5266 8
23667 9867 10
11727 18158 3
4835 2963 11
6406 10389 8
3925 15820 93
13285 6842 13
25599 18115 17
28787 15338 9
2729 24181 8
13830 25735 4
12819 9520 11
28673 4719 11
18433 22286 24
17539 15734 10
10682 2939 25
15869 27352 41
14279 16594 5
15130 750 12
10032 19151 11
26462 26862 23
18158 12989 1
15720 24559 6
15381 23429 49
13854 26588 14
3112 4967 18
14949 18389 18
16409 13605 84
28889 8361 27
25291 20923 3
7984 11633 7
7815 19717 33
27552 25151 42
1189 21794 14
10301 14414 22
15459 10429 12
5449 6949 39
23732 27246 26
20996 20636 11
20890 2549 45
13808 8472 20
4261 16440 10
9494 8002 38
27203 8138 11
26357 25740 20
6646 18106 10
14757 18403 14
11271 8392 21
14720 1271 27
19578 27887 13
1434 14120 30
11673 10520 12
20557 10280 5
21350 6401 80
20271 15659 7
19391 27887 11
27241 20873 36
20303 1758 28
16215 10925 15
16015 12588 10
17962 8771 11
22336 28655 8
7872 24951 22
13143 11653 7
11558 17736 44
21638 19490 12
6184 447 7
10709 4328 21
7341 26826 37
4537 7866 8
21365 125 34
15649 21635 27
1529 28417 12
7971 28716 7
25563 22536 42
11114 6668 11
10419 28966 71
13815 11421 31
9975 14946 3
11633 22500 5
24511 14422 3
1599 26614 14
18058 12974 22
3115 21726 12
16826 19995 10
26859 21789 20
17004 230 10
3075 13332 10
11464 25291 10
16813 14279 6
13084 26624 23
15787 7275 11
4670 11587 10
16376 1714 6
662 25494 46
340 24022 11
9113 21789 9
4945 28787 13
23865 18077 33
20595 1421 18
5372 4945 14
22173 15467 14
11700 12814 59
526 1332 13
28938 12814 52
17122 17721 87
9173 17272 12
14129 13284 9
21270 19242 3
19038 3911 24
16721 16164 11
27830 11187 20
3908 15504 17
22053 8529 11
4047 28746 12
25362 3563 43
27010 4834 14
28158 3812 15
8656 13535 14
14042 2517 58
25315 24375 30
13146 972 17
11527 7791 9
2610 28122 60
19053 20498 13
22076 20294 28
10383 13455 13
16358 14946 1
398 17390 10
11297 24442 13
27060 3786 11
1460 28524 3
27288 11889 11
6896 28660 13
25995 28136 10
3664 1140 29
11313 15760 11
8410 17982 20
22054 15944 11
19506 3976 9
8769 27595 62
24938 17863 21
25600 10239 54
403 1140 32
5194 5021 17
21672 20900 16
28591 19937 28
2884 14342 12
12407 17882 42
16898 5489 8
1580 24024 27
19451 7759 32
12795 25331 13
4681 17179 35
7647 17709 10
24570 24894 30
3880 1526 11
8569 0 41
6782 22336 9
18113 25703 11
12226 17770 24
1215 2436 13
6817 14416 12
28799 28222 16
23943 19268 18
3064 15948 13
13295 8191 19
8830 13949 3
22924 18017 19
7114 22883 3
13480 28816 10
4966 7174 11
5356 13082 14
24707 6312 8
23429 25315 33
19995 17989 9
14913 17527 15
28336 11839 19
18212 7759 64
2429 16896 4
25306 11372 15
27151 14194 18
19437 2939 24
8002 6586 32
25271 11848 43
20993 15774 20
4063 27289 16
15820 15621 56
6914 26858 10
13246 23360 21
24372 16663 12
23311 18870 26
6102 2932 56
26917 16820 22
16597 15051 13
27918 7442 14
16648 19242 3
17166 28281 45
8026 27862 17
27928 5210 10
13456 11500 17
27672 18246 9
11812 4520 67
5070 27974 11
14206 19519 11
27758 4014 3
1078 13837 14
25200 27325 9
19319 8889 11
13533 16998 25
21747 17371 49
12502 26734 21
20730 17071 13
13725 1221 14
12676 21635 27
27266 19390 3
25785 14700 15
3491 18633 12
19132 22602 35
10110 22840 11
7585 3911 22
20252 24615 63
248 275 22
2760 13866 4
26486 22597 9
5483 28947 12
25242 23093 10
3996 7114 5
17932 26465 42
21607 22070 10
1025 15832 9
8953 8327 6
10807 26053 32
7221 26072 9
14012 6844 12
12305 17068 22
16290 11629 8
15317 19437 27
23117 7872 23
23964 15832 7
12934 23456 4
7217 25305 39
15771 27555 22
28800 17407 9
10529 4599 13
17163 27401 24
14492 22978 35
15491 28145 26
16314 23594 10
28524 4014 2
17328 24433 13
18623 15958 18
24918 12640 8
2956 2341 10
28553 5955 44
8529 22597 10
27096 19439 17
7801 7847 14
4745 18389 17
22959 5070 15
12200 28496 7
9578 13629 11
17750 6113 21
8574 8327 11
3303 15235 5
7313 15906 20
5774 26497 11
21430 3854 16
26394 10216 3
21474 11998 9
7829 23215 6
6637 7503 4
17624 7669 5
13516 7374 10
13011 23195 9
238 27401 19
21584 18811 12
12519 4045 42
26630 28637 19
7183 8631 12
1237 6379 13
9434 24181 22
15644 18278 15
24437 9112 20
23907 2731 13
3413 5080 33
28033 23964 12
12989 28999 0
809 18077 37
25210 11727 4
4931 28455 15
25160 20518 64
8278 8368 12
1868 4372 11
26887 12098 22
6548 9274 37
20047 6051 49
15265 18377 45
28362 16444 16
7582 19519 8
6312 4663 7
24909 17989 10
8293 25599 18
1797 25745 13
6276 24367 21
5155 11256 5
16008 13153 43
6141 21546 12
10280 6257 2
20887 24380 15
14203 14648 15
7559 12814 54
4651 16765 29
7331 25540 18
18090 21666 11
16773 9280 21
11637 21078 6
10841 14575 14
24981 9223 17
28668 2668 29
4967 1408 17
17475 1675 17
3118 21904 11
8234 2301 44
9028 5094 45
26070 12038 10
24018 4663 8
12536 22978 38
3747 10145 22
7486 1290 44
8719 7866 9
10422 447 7
24736 19747 75
9266 6132 17
272 1828 28
1198 17120 4
22212 18608 35
23341 22629 46
11927 28938 58
12894 27761 10
27515 6643 13
8957 16641 45
15348 179 8
3998 4157 6
18213 287 10
6311 9445 33
15984 25041 21
29 3132 10
15286 14290 12
1811 6914 19
7348 17989 9
22080 6914 19
20550 13621 6
23360 4080 20
10021 3119 21
22435 3425 42
13740 13285 14
22762 6076 12
18502 11035 45
27656 15621 59
9586 28118 11
3999 14650 11
15545 7503 3
718 6600 11
20015 8293 20
11905 23724 48
18875 18277 11
20289 3112 31
28711 22963 8
12082 5126 14
12553 2984 45
290 22629 41
3076 28999 3
6139 11407 27
12048 20793 18
25083 21896 20
2616 19787 14
20509 11771 11
2314 16440 10
1053 26900 57
946 2760 5
19998 7218 16
14252 2152 9
19528 15282 13
25934 27703 25
4560 3767 12
278 5145 10
24308 1174 49
10259 9894 53
15337 26588 13
9253 14696 14
23982 14432 47
21312 8141 33
22467 21265 9
19664 18300 58
1166 2824 10
7469 10422 18
20566 14700 19
22431 1767 29
1936 18289 23
13522 28281 47
14857 2315 10
18246 8794 8
26056 15832 7
23683 23825 27
15683 15092 3
19004 2984 43
17876 7559 87
22905 25568 20
11839 25740 18
3476 386 21
10106 20429 9
12725 19203 17
5882 28799 21
5293 27816 20
1071 23397 12
12362 19995 11
21851 19395 43
10265 547 15
1877 17551 21
6598 9690 16
23480 13922 17
19980 7503 4
20640 15958 12
6064 9990 11
428 24786 14
14541 21387 30
28639 28064 8
6547 21387 28
6842 14290 12
11362 28794 18
7823 4543 15
10590 17442 12
16233 5321 62
16198 7799 14
975 15483 59
13382 22888 11
4663 3918 1
14205 28637 12
28009 27602 8
25440 26369 56
28085 22467 24
20438 10841 15
28118 24457 9
8431 27887 19
23448 27178 13
23628 25863 41
28728 26930 12
11771 166 10
23167 24187 23
22574 1772 18
2866 21904 12
19281 4543 15
27669 5244 17
11610 19218 14
3116 9232 11
22316 2271 13
14113 27955 14
5664 13149 21
6354 6311 36
5517 13804 4
15118 22853 20
7799 11738 8
22809 10239 54
5907 22706 10
27933 20241 10
14992 12579 15
22602 9051 19
15569 11252 11
22143 12436 34
22301 15020 12
14866 4833 23
28557 26061 17
21401 16813 9
8912 15092 3
12257 27480 20
20650 5749 33
23954 3035 13
12289 10422 9
1174 24081 22
742 3996 6
5942 10767 7
20519 18172 12
21114 23246 17
21893 17179 37
28520 27754 45
28060 19439 12
3761 11229 16
11656 3918 2
15336 6884 14
1041 24164 4
22634 28281 47
9671 3839 11
1683 22978 25
28243 28845 19
6827 9375 9
14194 25703 11
23680 11406 11
7218 1004 5
18078 14426 4
18457 9445 33
25466 19337 21
13095 12905 10
20976 12321 21
25499 18260 18
21778 10389 12
18300 24849 34
23825 27246 22
19551 16813 13
8466 5955 46
20636 1041 9
27712 3631 16
9151 3269 12
25671 11278 16
24741 28783 21
9235 15274 31
3694 13544 18
28145 15744 19
15552 6173 76
25113 1863 13
26167 18309 8
27352 3456 39
5964 10460 19
20063 22808 28
26057 16765 27
1950 21078 3
19547 21829 10
6341 23964 12
14683 16662 9
22953 18545 12
9619 23154 4
27324 17750 22
2186 4743 14
24609 2314 11
5458 1712 12
18772 10617 9
19314 4076 10
28501 7669 4
22051 22070 10
15010 1277 5
25331 11851 10
9604 25603 12
13198 24332 21
9352 9445 34
19649 19319 17
22706 14279 6
24223 9606 12
18751 14166 16
3049 8637 40
12047 18633 11
28701 9503 17
7148 198 15
12910 14831 19
19563 15621 61
12708 8838 20
26185 1290 45
24993 19048 22
21006 17849 10
19577 7173 29
5333 1890 8
6521 21316 12
24649 16583 15
9154 21789 9
20991 7200 8
12143 12825 20
8506 17348 29
11693 17816 6
1988 15760 11
14120 10754 18
15504 21924 8
24690 12081 16
2646 7063 10
28494 18087 17
3266 23964 10
8406 13046 7
14368 13165 8
6870 20628 4
19882 18158 2
16395 11373 31
5958 21387 27
27083 12814 66
24861 26099 3
5605 23124 11
22164 22597 12
15737 13725 16
5701 17709 9
23837 8958 19
1376 5021 19
2315 934 7
12825 15010 8
7641 26588 20
2580 21273 8
15492 7286 20
15706 11726 3
2195 18793 10
24339 18453 8
17595 8172 32
26616 15079 20
3598 9619 6
17676 5783 17
15587 18577 26
26447 28524 5
360 11342 11
14121 3759 92
7884 14252 10
15856 2984 43
20703 21223 43
27527 10617 8
23876 28054 7
452 13284 9
25797 17987 11
22747 13391 21
21763 9604 13
17589 26807 21
25041 17709 11
11298 4328 21
4476 16008 44
1004 21270 4
1972 4014 2
23253 23605 85
15095 2787 57
5019 23639 27
19838 27973 24
10604 5705 4
24897 15873 10
17272 4876 9
2154 28520 54
21539 2790 12
16288 7633 18
26953 6400 20
16111 3308 10
3631 19865 11
9916 1846 5
28845 2058 13
6648 12047 15
10468 27246 18
8213 23154 4
19865 7062 10
7951 6725 24
703 12081 7
3204 1758 27
28885 5097 25
14693 11652 22
15757 7174 12
2531 27450 68
768 27669 20
4125 686 3
22832 1950 9
15855 12989 8
2855 4537 9
28415 14683 11
23225 5248 15
19439 8530 11
23317 6606 33
14627 1667 52
9869 18213 11
5553 2882 18
921 25028 12
21268 10239 52
4131 20518 63
18736 18966 5
18018 20628 5
14586 12454 17
24009 18260 16
9179 8006 17
8102 23600 12
9042 16358 5
14416 7376 11
20604 1758 29
14227 25517 24
21762 27845 10
13229 936 12
511 14089 9
19834 2058 13
9996 11653 7
10941 12874 15
27816 8746 16
26858 20196 8
15282 7348 10
2304 14120 21
22737 10389 12
9670 6725 11
10546 11313 12
5854 20918 9
10525 25154 16
817 27648 5
10770 20530 34
27428 9198 27
25623 27495 45
18242 24868 10
13046 4300 6
24275 21645 11
21177 23124 10
6147 28362 21
23095 11587 10
12975 25597 24
23804 13455 14
20631 28524 3
3456 10317 32
13613 13562 12
26900 2932 56
12874 23045 14
25899 15035 31
27692 19016 8
28730 6184 8
7245 16747 10
20417 18945 8
15624 6120 9
8637 27556 37
23411 15536 3
22380 3839 15
9894 24984 36
27950 19440 36
23893 22504 31
17935 24966 45
9724 8779 11
2158 14281 9
9681 17272 20
11371 23450 6
2573 27754 45
18940 11625 20
3864 16471 23
7366 9619 6
7302 27110 4
7584 3828 43
24398 22978 28
7955 23195 18
10236 22332 19
9803 28362 26
8200 25291 10
10253 18113 16
21414 4158 8
23595 20642 11
17989 1460 8
3801 4825 48
18424 20093 19
13809 28215 20
388 28181 20
7171 16925 33
2932 9881 48
4278 19090 9
1659 11313 14
13758 20558 43
15672 20925 5
17604 12814 64
12618 15483 54
4586 2618 22
12802 14089 9
11449 9154 10
26988 20925 5
28187 24623 7
6359 6547 38
11576 4716 15
7704 1035 9
6222 13949 3
21738 7971 9
20128 5359 22
8285 11376 84
22856 12319 33
5512 7221 11
23999 8293 24
20239 23215 6
28467 1784 16
14741 8529 13
26588 26915 11
10151 17533 14
27127 13288 10
6691 11373 34
12098 20666 16
17126 6870 5
8152 23332 35
12620 6914 21
12907 23060 9
9313 3117 8
2570 3310 12
28534 10508 37
19817 18 10
15398 18460 37
2455 26967 12
22903 11421 29
22629 10288 40
6245 21387 26
18737 28501 7
23298 24951 22
1648 12066 12
10617 20376 7
11758 10617 8
24615 23611 44
14008 24868 9
28234 19581 16
477 7275 11
4575 5767 20
2668 15264 26
8713 6985 10
7866 6257 2
24708 7366 7
9940 2164 64
16447 7376 10
8225 26694 13
7812 22838 18
25393 14650 11
22768 10429 14
6756 22223 23
18085 6184 9
7828 21270 4
3550 11994 80
21892 27408 22
4029 4261 11
3839 13621 5
7310 21987 32
5042 17611 12
341 8006 16
11045 12819 12
24894 19003 29
15196 10317 35
359 2952 15
14553 7669 4
19150 18869 69
896 9794 11
7923 27302 11
13784 1484 50
22267 26262 34
8202 7366 8
19903 28477 13
22138 12048 26
18403 10754 13
22998 19125 13
28509 14093 15
5007 20940 69
19187 27719 8
4290 4930 39
8019 28952 4
20571 23837 20
14650 15333 10
5588 23211 30
14868 16218 23
4312 9198 23
25844 734 29
16547 16223 14
25021 12709 4
8939 25026 47
21193 24245 11
10632 21829 10
16832 11046 19
9445 15274 31
6020 340 12
27216 28800 21
6012 13455 12
24375 25058 27
25452 341 30
11714 28800 26
16324 23124 10
26660 6586 34
20657 6949 37
14648 12380 13
5402 2580 9
11560 7866 7
12730 15610 15
25011 7153 22
7622 3598 13
17346 9881 54
18869 26670 36
27974 10852 5
8063 14650 11
16211 3828 49
8709 26862 23
12899 24181 7
26058 1691 17
24765 27849 14
2439 10717 3
2401 19490 13
10342 11296 13
2909 702 16
20372 11183 21
27211 18017 24
28491 16406 18
25735 2516 3
9437 15274 32
13459 3993 11
27921 734 19
21660 18856 12
7438 3759 86
26243 9894 52
6504 25041 12
24968 18966 7
1083 13649 13
17856 16358 3
17969 18154 14
4410 15706 6
25307 20655 33
20718 8446 14
15239 6842 13
12589 166 10
17282 16662 10
22765 14781 29
27302 22026 10
5528 2021 11
5125 17641 20
18057 23211 30
21421 5145 6
23209 817 10
3184 27055 57
4543 14290 12
22871 8925 15
8855 9450 19
10489 13681 22
1803 3425 30
25183 26353 11
26247 21892 31
21581 11920 25
26751 4833 26
9660 16406 20
6708 27373 23
6912 3812 11
5537 21623 38
6541 14700 15
12464 5467 22
17611 18966 7
1271 23793 16
5977 238 21
10251 18090 27
9040 10317 32
468 13369 44
21328 8631 11
21877 360 24
28778 10156 13
11810 16648 5
2127 6844 6
8546 20337 22
2822 10191 24
4044 12874 16
6854 9996 8
28637 18249 11
25540 10210 15
679 1460 4
21849 10074 10
26260 9244 7
13932 22597 9
3854 2940 8
11187 3911 19
14445 7759 30
28281 7786 43
21247 20666 16
1111 11256 5
25137 14874 18
26306 24968 8
13884 19937 29
22504 3430 19
18988 17021 17
10260 1890 8
9165 23541 10
15551 13378 12
10562 27682 15
25078 21222 13
17360 21878 25
4902 3117 11
25090 166 12
7296 6312 8
11441 11928 33
24849 6982 31
2021 5169 10
13949 14946 2
16686 18260 9
23259 16866 14
3525 6359 39
8196 6942 49
17321 9051 14
25940 1247 20
18198 1686 19
13329 7451 24
8503 24375 40
7564 27761 11
23593 6127 16
26762 1271 18
19550 16372 25
19202 28999 1
6197 11560 8
14039 25916 19
15653 17454 11
18182 14700 16
7105 28534 38
20294 12636 21
14599 2137 41
14198 12307 27
9997 23036 14
5608 28999 10
26344 8213 7
12477 9662 27
19016 19242 3
27808 15757 14
13354 340 13
25902 13253 16
5730 18260 17
501 11214 46
2940 28496 7
2553 3142 7
12638 11629 18
18425 23670 10
7345 12519 55
1555 24345 16
22839 21306 15
6110 1025 11
6321 9445 35
7493 7486 64
5489 27325 7
23556 22963 9
28351 1425 13
3687 27845 11
17641 28222 18
18427 11885 18
23416 7 27
19471 15403 14
5330 1166 11
25543 28107 56
28454 2963 12
7012 7503 8
14993 22774 15
23670 14342 9
9360 8446 9
5785 19835 15
27602 24181 7
16438 7838 14
5145 7866 5
12775 5804 30
22774 26088 13
13189 4543 15
17857 1004 11
17454 18452 10
17071 6269 9
11720 16420 25
27600 2939 24
6025 9179 18
15743 12778 11
7616 17709 28
20807 16024 8
23196 14103 23
18610 18875 12
12814 11097 47
12023 2040 24
1573 10490 28
16783 15839 21
11840 18608 35
24821 8449 17
692 11560 9
10408 7286 19
24959 16833 18
12075 27495 45
30 13007 22
26268 3269 12
260 6785 11
19090 7315 6
25916 1133 18
23600 21673 11
1667 9051 19
23061 11381 22
14511 24951 23
7543 26855 19
15910 8782 40
20988 27849 17
16092 20119 10
196 20999 18
3775 10705 16
18933 7048 13
4371 14429 35
22838 20666 16
16683 12579 16
2733 2932 56
5520 14422 3
20686 19490 13
5504 28876 29
22755 703 8
54 6379 15
20628 3918 1
2988 4522 25
663 20897 11
159 21513 11
5776 20631 6
9105 6770 16
3026 24539 19
249 25154 17
10081 13866 3
3009 10591 14
20852 21789 15
9703 4543 14
14874 6784 10
12258 20655 44
27310 22853 20
11152 26039 4
22452 9112 20
20897 3117 8
5286 14414 24
5492 3666 48
2590 5749 27
8023 3575 15
6163 2580 9
2654 25026 50
4716 11296 13
21168 24612 9
28901 11021 21
4627 21584 16
3425 15274 29
15944 1890 10
25508 26264 22
10455 16444 18
26378 12098 36
14026 17687 8
7551 4827 19
25603 5753 10
3073 22053 12
10389 20925 7
28455 21789 14
20120 15906 20
7062 1041 8
4990 7767 31
16747 1460 7
14103 28451 22
9664 17262 5
12604 22838 20
10275 27851 20
21063 7993 8
24737 11035 46
10210 1041 6
7006 6637 9
2345 1969 21
11601 5774 13
1495 3598 12
1021 13949 4
18840 7679 12
25708 16866 13
26611 21956 11
12893 2324 14
936 2963 11
10716 20925 5
25530 8912 4
28716 24164 6
4644 7223 23
10747 9492 6
26842 24858 20
6844 5887 5
6627 26394 4
25255 14479 48
6952 9703 26
10900 1402 10
8697 1421 19
6302 10096 14
3241 11298 22
22977 1351 12
25494 19702 45
21946 4014 3
13888 6276 23
28322 8613 13
17503 1969 25
23750 27282 13
1351 6844 10
4930 21312 34
11342 7287 10
22740 9244 4
21513 28114 10
18554 6593 14
26938 23450 6
15891 9323 13
11697 27602 8
3279 7971 8
23639 26343 10
14772 16399 31
8708 3117 7
20163 2749 13
5642 24760 45
114 5662 22
15680 23909 25
18856 5622 9
13544 2896 9
5030 6725 11
28396 6097 18
12511 8492 10
6027 25364 11
15617 19242 3
11035 7786 43
18193 11656 3
21891 4047 13
4163 1233 8
27297 20873 34
21904 8766 10
7746 11689 10
10731 6495 16
1511 22501 32
1140 1291 21
25866 20628 4
27522 10210 8
6315 1846 4
4668 19519 10
5037 12011 19
28122 12814 54
28868 2314 11
14583 359 17
19203 11560 8
12462 3119 22
15051 14858 11
19066 25168 21
15734 2439 4
24069 8839 18
5451 19882 6
4834 3117 11
5211 11123 21
21423 21655 13
25936 13932 12
16477 20823 23
21878 21738 10
26529 11298 23
18460 27480 19
21235 11839 32
24149 6097 16
28313 16444 11
16136 21006 20
17579 7559 63
24559 23215 5
2150 2680 20
12630 22553 10
18314 20577 11
27373 25940 21
11097 13005 44
28238 15852 4
22585 10468 19
21015 5193 23
1503 8198 11
6980 20628 4
4305 1497 10
20134 8085 7
26947 23093 11
8540 11296 17
10433 18610 20
26837 25768 13
16024 15672 7
21482 3190 26
785 11656 3
2175 10243 7
1772 11160 9
21088 24372 13
7826 13332 19
27154 1516 22
1407 6222 11
212 6422 8
24984 23211 30
19553 15050 11
25903 14873 35
1437 20918 19
20339 12755 27
5416 25530 10
19911 16395 32
629 1683 28
25157 11798 26
2842 16420 26
28064 17816 4
7791 21924 8
7137 15264 26
15086 12907 10
5168 2932 59
10216 28952 2
27955 4543 13
16815 24530 13
25786 8001 23
19728 1021 5
13754 3476 26
15981 16440 25
23445 15906 20
6619 18577 25
3142 11726 5
25556 14053 12
26962 21934 13
7679 1041 11
12885 1758 27
3591 11278 31
1290 12407 43
13378 511 11
19448 21116 7
17912 15891 19
25628 11848 43
2487 9703 16
16676 3453 15
10537 22597 11
12577 22585 23
24087 13932 11
19364 15720 7
12963 11772 8
5758 10280 19
26662 13367 23
5418 5945 51
10902 17500 26
27526 7063 13
24715 8529 12
20853 2516 3
8558 22507 11
9375 447 7
10049 10852 5
10124 16683 37
22302 3177 12
19444 27510 16
4557 7 29
7820 16360 11
23650 21485 22
14493 15235 11
28864 5833 26
10862 25671 26
23463 21655 13
25339 18425 11
582 9354 29
10605 20241 19
475 16475 9
20770 24693 15
7196 14533 19
8827 27976 32
21255 12407 45
22888 11500 8
17181 27245 23
16624 22963 8
26115 18856 12
19201 230 20
20642 5145 8
4445 2485 31
21969 25346 41
14234 17533 11
572 12850 47
11726 20628 2
2939 4827 21
15135 23667 12
20918 9606 6
3242 16747 10
3736 16793 21
27583 10239 79
13926 11610 18
12878 3118 13
23008 20271 12
21084 14426 17
19766 23450 17
17770 8063 19
22286 12974 22
8327 9192 3
20187 12885 29
9756 21078 3
26218 11043 11
19617 7755 48
21035 6637 6
5091 11296 13
16342 13288 18
4500 14026 9
12883 9751 7
27803 9313 9
21162 7062 11
21139 18502 46
6176 25603 16
23571 20535 28
11278 12579 15
10661 19584 94
4372 21273 8
20380 1683 26
28613 21829 12
23060 27602 8
8077 13621 6
23569 6248 19
2806 15366 13
27289 8278 13
9190 3918 2
12094 7128 47
21531 6380 10
11123 9112 20
25491 12899 12
10596 21265 12
23997 7799 9
25282 19314 21
3698 12172 14
10499 1660 48
1118 12172 19
10172 10612 22
24332 26858 18
6549 18145 24
21053 9165 11
25994 1392 13
19293 22585 20
20768 28984 11
6593 13649 10
4660 4931 18
28401 1133 18
12574 15839 19
26465 9352 36
14870 13007 21
27277 5588 33
9450 1133 18
906 24623 14
27181 16908 5
2936 13383 87
22428 28984 11
20668 15787 12
14290 4129 11
11821 9214 43
5565 25346 44
10999 3003 35
26214 11735 32
20267 22924 24
25877 43 30
20620 14422 3
14364 26343 10
3927 10546 14
8878 2731 14
7967 22467 10
10512 19835 17
8472 13332 15
27059 13114 3
4997 19455 19
22814 18402 14
7786 7755 42
2882 10460 16
20174 7759 29
10565 18613 19
24233 4014 3
5485 18258 17
1675 8380 14
20081 22853 17
19991 27514 53
7063 4372 9
18375 2590 32
17118 4805 15
19242 28999 2
18783 18249 13
16320 23463 14
8710 26960 10
18452 7971 8
17500 26241 24
19964 16475 8
8482 19519 9
25426 7064 25
28215 24181 9
786 28222 17
12248 12946 27
17722 8449 12
12743 6858 24
14807 28858 16
23045 5158 13
297 21162 12
10907 22978 29
15708 15518 14
20360 15906 21
28794 11560 8
2914 6699 21
3305 6914 20
9255 13011 10
15928 26858 14
9618 3147 8
14981 10709 28
7393 20620 5
24337 17492 27
6101 12098 40
28096 27400 9
20285 21681 31
18309 7302 5
8572 6570 9
9395 11267 9
27886 10894 9
28241 20429 12
12921 13007 22
24247 13455 13
6748 21273 8
4524 3456 34
27325 24164 6
24539 20957 17
18153 28716 10
19497 2150 24
28446 1384 23
7383 25813 42
7286 20073 18
27838 25242 14
11111 26115 13
21489 3456 37
17430 15706 7
117 19110 49
15023 24018 9
1568 20556 10
4106 1765 16
1839 7426 18
19975 24539 19
2100 18967 16
23911 6952 28
19562 4949 13
18260 11629 8
24361 25863 51
20558 2301 42
7505 8141 27
8198 19203 10
7174 28136 10
25232 20120 21
9408 15771 24
9962 17394 71
22070 9358 9
3310 15958 11
8411 22888 11
7271 25545 19
21995 10422 9
21055 18815 58
9551 15816 18
5210 11152 9
5729 4966 12
17533 6120 9
27071 12379 26
8645 20134 8
4798 24372 17
7875 23558 14
3117 16896 5
26910 25783 15
28746 11560 8
14679 14927 27
1455 16008 44
20304 18925 10
26094 28455 20
16461 6197 9
12913 8380 14
7255 18869 56
17647 24143 21
22801 14364 11
19200 1408 17
6463 12094 59
13010 15744 34
25808 2436 11
17646 7376 11
2515 3121 7
10143 20047 73
19151 16072 8
17581 15757 14
11131 26116 42
6051 11 48
7788 1392 16
37 2341 11
27145 20953 43
13029 19110 54
23547 8115 25
20281 24223 23
20495 25202 52
12181 188 18
3021 25866 10
21833 23124 10
21789 20550 7
3520 11290 11
7200 3415 7
6281 17784 113
12308 23195 9
25259 5882 29
26066 18085 11
16675 10210 10
1425 8494 12
26537 10537 12
5852 10026 18
3861 20738 21
20949 2301 44
7421 11278 19
3367 18613 25
10909 27555 22
14917 28660 35
1560 25857 46
450 22301 19
23033 10717 3
12717 13649 10
8714 6107 26
21681 4127 28
256 18856 15
8325 1291 26
19251 28730 19
19584 10554 83
1382 26270 45
28665 4279 10
6770 6844 9
23810 6310 29
11406 8482 10
9090 15337 20
12167 21139 48
16880 23060 10
25014 22631 13
27055 12814 56
21930 14874 11
2177 27352 40
12693 26873 10
28844 24590 16
20915 25628 46
5804 12566 25
9855 8337 14
3767 28088 9
18842 4663 8
27481 22706 8
11845 16358 4
25265 27016 10
8314 15944 11
1765 16024 9
24447 5293 23
12854 14252 11
23949 21073 11
26337 17317 36
24672 4820 13
15767 14136 30
26099 4014 2
12054 9996 8
26291 25141 39
13193 3854 9
5887 11726 4
22276 23094 27
22553 15672 9
25465 28901 23
25861 9313 9
10026 7503 2
2353 27656 64
19273 18106 9
9124 23667 11
985 18553 21
11421 2485 28
17780 25785 19
13556 21099 32
9062 11652 27
17114 26913 27
16407 14206 18
9381 10106 13
8240 2919 10
3325 1775 22
2341 24164 8
27984 21794 12
12757 4930 55
21726 19698 11
16301 20558 43
7511 3119 26
11887 4825 42
27570 14136 23
16578 1969 22
3831 20395 9
12631 26522 32
13464 15706 5
9656 5828 42
11376 8980 50
27110 18158 2
18553 20081 19
1419 4852 8
13114 24442 2
19875 20666 19
12684 15348 21
17011 21482 29
11869 8782 40
14442 15672 8
26160 6593 12
6048 8794 8
8782 3456 39
13043 586 7
24478 22809 58
21225 18457 40
14858 19995 10
1756 16765 33
14215 19444 23
28999 28999 -1
5097 28783 20
7678 28976 21
11102 7062 11
4282 9671 15
2618 10408 20
11054 17989 16
15782 17500 27
1390 7793 10
22758 5907 17
17148 16725 21
3918 28999 0
1267 25783 15
13383 10420 60
6248 12579 18
4080 3911 19
9661 1856 14
25026 21969 42
2984 19024 42
21170 26072 10
23211 15274 29
21645 1460 10
10429 8392 11
5292 15337 20
10520 15958 11
1020 28665 13
28363 15816 21
6698 12989 3
26609 22147 11
23193 78 8
28508 22851 12
3119 10501 20
27734 6725 11
1035 23427 8
21950 10211 12
14243 5251 15
9960 10106 20
12971 11994 63
13082 24018 9
17878 9670 13
27976 8472 17
2538 12281 9
3805 19557 14
20073 10210 15
13298 5520 4
4969 20604 42
25202 7233 48
12299 21099 41
25088 21623 38
5244 18260 16
6606 3119 22
15338 26056 8
21265 26056 8
14521 12729 10
25035 15274 30
7414 21268 68
2480 13932 12
8560 23595 12
20723 9223 19
2549 6411 44
28624 15621 59
10363 12883 11
20196 27400 6
275 6931 21
16435 9388 24
4212 17736 46
14482 11625 20
17371 16008 44
8407 8889 12
16166 19552 21
16005 11252 12
1559 22332 12
20130 3414 28
14093 14575 14
14044 2480 13
21666 18277 10
10155 3204 31
16216 19202 3
4104 9716 45
18488 9508 27
20535 14557 27
25263 27349 9
2461 10216 3
14905 21566 12
18925 28999 9
9674 6942 46
18533 26072 10
21415 28035 10
5754 10705 13
26766 27449 16
12667 25242 13
13882 7824 12
13179 69 10
26139 10611 28
20873 25035 33
22522 20657 39
1989 14290 13
3104 19016 5
10859 11652 26
25789 7460 8
22266 20294 46
28418 22888 9
25981 5080 67
4550 16583 13
3068 24247 18
8392 11252 10
945 27973 21
21223 8782 42
12239 11952 12
22911 15744 25
1813 24164 8
27951 16656 12
819 3204 45
16471 28730 9
19263 4579 12
24576 28660 12
16200 11296 15
4171 8574 14
3942 2729 9
5575 5169 9
26088 26947 12
6186 14493 18
1497 28655 8
3740 13828 11
23007 3129 10
22234 28858 11
10823 18182 19
11407 16597 14
7981 11771 14
23558 27487 10
24987 20620 7
28598 24437 21
5021 5090 12
13387 10239 60
21381 27719 7
109 21273 12
3863 7398 15
6901 10422 20
1928 22577 22
11974 15286 14
21153 23575 38
28660 14683 11
23886 11804 23
28157 5052 14
10819 8746 16
6725 23093 9
18626 20923 3
5953 18151 19
19581 6710 15
13975 109 13
17526 3908 25
5956 27875 11
10890 21789 19
14561 23093 16
13268 114 23
17517 3767 10
24530 7062 10
5920 21513 14
16980 5520 4
11960 10191 14
15181 11123 22
28641 27933 13
25568 6176 17
19390 12989 2
3812 8631 10
15989 18894 20
24693 7460 8
2395 22832 13
23896 9049 11
2449 3839 8
11901 3839 8
3463 28591 30
17243 16980 6
5616 13082 10
11924 25506 73
27137 13143 8
6884 9113 10
5531 5707 17
5113 25346 43
17800 5907 22
13455 4129 10
11579 6495 9
801 5882 26
2686 18260 18
6063 15958 11
14837 8905 29
5767 8472 16
12905 16896 4
28756 19370 27
26497 7866 9
7993 17126 7
16594 11656 3
19048 10383 19
21045 2021 11
28300 5021 16
3929 13138 11
11386 11656 9
6187 14416 12
3408 4507 22
23749 23093 12
22432 13007 23
7760 28381 21
2041 23448 14
18523 18842 16
20990 9466 13
15378 28286 9
1761 20456 19
15518 16866 13
15198 8174 6
28381 28323 19
1291 21115 19
24657 25255 49
17687 13949 3
27690 26465 54
24181 4663 5
20518 11096 48
3354 9446 29
16399 9534 10
18951 18057 34
16278 21950 14
4949 26218 12
2137 8637 40
12454 10211 13
24082 20900 14
6721 9395 13
14946 28999 0
25749 14521 14
26632 18277 11
13540 2680 19
14333 28628 4
12319 14483 25
25888 27045 13
19944 1228 29
23082 2301 43
4248 11839 26
19186 20982 20
10424 6107 26
19974 4679 13
21632 11560 8
4226 9214 43
26879 1972 4
23036 22467 10
18115 8063 16
13325 2436 11
4461 2883 28
27414 1900 16
1164 4543 16
22131 25708 16
12349 1140 32
18793 5169 9
28947 15419 11
5705 12106 3
25873 28858 11
27696 19811 20
12173 19250 12
3006 275 23
5954 25789 9
8380 8037 13
23472 23986 14
15987 1775 25
12321 11589 20
28054 6728 3
18077 15274 29
4929 14873 33
9791 26357 21
13102 619 21
9358 11500 8
15020 8327 11
16441 14290 13
9245 9570 15
21294 18300 94
9412 22536 49
7261 7474 15
22935 14129 10
15234 22645 21
20530 18553 29
1712 6725 11
12816 6127 14
2485 1140 26
19034 17068 15
9229 15536 3
14504 8406 13
27917 6869 6
16031 17248 10
11326 8293 22
18352 9477 63
28664 9882 11
16406 21247 17
28090 4825 38
1157 8063 16
11944 16748 34
11179 9910 44
11959 25058 31
1332 1890 9
13396 10317 33
24348 19203 26
8368 18856 11
17587 20300 46
6612 14905 17
21308 27083 74
27910 24707 9
4719 14342 9
6391 14290 12
23605 23798 67
17050 13713 12
6526 3147 8
18545 16813 11
19317 23195 8
15186 9358 10
12863 7759 27
25857 17066 39
19110 13369 42
9049 21332 10
10208 3740 12
1402 22714 7
28062 703 9
240 10429 13
3856 10562 17
27202 12905 5
14413 13933 38
27344 15987 27
12748 2314 12
24863 23093 15
27652 19293 31
9232 13932 10
3897 19178 9
19331 8001 24
1618 11256 19
15884 13645 14
9558 6931 23
2904 6372 11
27957 17196 22
8567 15198 7
10944 17119 13
13171 21924 8
24506 14735 5
18907 23093 9
22932 14757 16
11503 5681 12
6210 28413 15
16133 6048 9
24569 14446 24
19458 11673 13
19698 27266 4
14707 9555 16
23336 12545 20
14003 15891 14
6136 4125 4
15536 12106 2
4522 9093 20
2584 8912 8
16934 475 11
13125 26428 21
339 8709 25
23608 8708 9
26439 28485 21
21426 25703 11
26085 21320 20
28318 18292 63
16952 9430 14
253 28496 7
28667 2929 8
7721 11256 22
27123 11845 13
7700 17169 3
2056 3112 32
5678 7050 12
23733 1985 14
26052 2680 20
8069 1969 22
17331 7174 13
2824 27522 9
12436 18077 33
25350 9553 20
20053 28966 70
7824 5169 10
15500 1805 15
22978 28145 20
10564 25734 24
24364 19455 21
28310 21924 8
13013 18389 21
9637 21415 11
21604 7679 12
8394 8561 16
16781 19151 9
22691 22840 12
8890 7376 11
17709 25291 8
21869 27672 10
28998 27862 18
20061 16624 10
3259 6698 6
24143 586 9
2094 8492 18
6164 11579 12
6379 26938 9
16331 10617 10
12269 10260 12
19605 3269 12
11930 21270 8
19060 9280 33
8731 11927 67
19178 19009 8
2868 12604 21
11110 25283 14
23713 25291 21
7451 24081 22
194 9437 37
12951 24657 57
16778 8327 12
7444 25857 40
5321 7755 42
21222 2449 9
28692 14689 13
17262 10216 3
6852 9192 3
19752 0 53
12342 16747 10
21803 23060 9
5325 27758 4
5050 7031 12
28782 8905 28
14797 9375 8
20869 11587 13
25889 1526 12
11981 1624 12
17980 22685 11
11603 7608 23
2242 25540 21
1774 14483 26
4908 28867 20
25044 11727 4
4222 17169 3
15307 19836 12
7415 5168 82
20880 6710 14
28762 17980 12
19789 12131 14
1591 16395 42
7567 6985 10
13065 10317 33
1427 4014 3
15144 12899 8
28035 8794 8
21899 21789 8
201 28524 3
283 4372 9
4589 15398 47
24367 12636 20
26944 13464 7
24937 23804 17
27658 11160 12
10243 4125 4
24345 16441 15
1612 28628 7
8010 1846 4
8909 11540 16
638 26586 8
3874 26218 13
8141 18577 25
4202 21099 34
14076 11851 11
23932 7838 15
28293 24897 11
14007 13854 15
19569 28060 13
26036 11758 9
10187 11014 35
27282 11252 11
9441 24022 13
8468 11298 30
28993 10520 12
14347 14693 23
24877 28145 22
28858 3279 9
1392 23036 11
8722 10342 18
2659 16662 9
19481 14757 15
7513 7923 15
734 20429 10
9530 16072 8
27851 6914 15
21700 21115 19
10074 9190 3
26197 20360 25
3482 24018 10
27497 16024 10
3666 4990 35
16437 9606 7
12498 15984 22
667 23450 21
5833 3861 24
3883 11097 46
28693 12536 42
10501 20793 19
12709 14946 2
3797 22301 14
14479 22212 38
19658 25708 14
7639 16031 12
12133 9551 22
19095 6257 9
7666 4670 11
22026 11587 9
5901 1376 20
27457 21078 3
9526 10239 72
15426 15130 17
8833 15338 11
28828 23211 37
18338 10612 22
16218 28867 20
4615 10596 14
22501 12676 28
23332 21607 26
23730 13391 21
4081 6949 39
9280 22400 20
4035 12166 21
22400 27527 18
14388 6250 16
18377 28300 21
27823 19604 10
26413 11342 16
16372 11976 20
24766 10389 8
3963 21743 12
26039 4014 2
15641 18151 15
2040 248 23
24724 10880 12
1781 8278 14
23014 6312 8
18603 8240 13
27330 20456 20
20456 1686 17
19395 18115 20
28941 19273 13
3194 26414 7
28563 4081 46
1828 4967 21
3753 734 22
23331 26447 14
11132 28901 22
15621 10674 53
1820 26304 21
16866 3257 11
1595 13629 11
26670 7058 29
12774 4273 14
27415 18172 18
16410 6858 27
25740 11589 15
10756 26053 32
24829 9112 20
21952 8529 11
25579 4232 20
23726 27495 47
4114 1775 21
23915 21896 19
12307 10909 23
22008 3805 17
8220 11697 9
28958 26728 13
28594 5730 21
27988 17830 15
25813 24849 33
12612 15003 20
27381 20900 14
23530 22222 15
17849 16747 9
20838 19151 10
6310 9591 26
26222 21899 9
21099 21623 31
1713 9113 10
11183 22532 19
14281 7528 8
22840 11500 9
15003 3054 14
21523 16648 4
26913 8394 19
15193 15063 17
19984 20668 22
28722 11267 17
26250 25090 14
19223 13608 35
11589 8063 14
10554 7559 79
22616 11441 59
23444 8561 15
9910 6411 43
2666 14696 14
14063 7366 7
14781 8261 26
736 15545 4
19955 2984 44
15171 27669 18
22418 21938 10
28222 22147 10
7669 11256 3
28193 16676 20
15387 4868 13
11403 27266 4
20793 28300 17
25645 27875 12
16958 25323 18
25346 8782 40
8779 28655 9
8493 15020 12
20575 1166 11
12076 20134 8
11592 3704 11
13056 20360 36
9769 934 13
8889 10210 7
25176 19995 11
19961 22053 12
6132 13535 12
24826 11769 23
9988 3999 12
15640 17969 20
4232 5021 19
24760 9953 44
26182 11663 15
1758 6606 26
4008 6606 26
18151 6163 13
15264 43 20
17894 7824 12
25179 662 50
15456 16541 25
15655 27845 9
15796 17390 12
26634 1989 18
18744 28323 19
16570 19557 16
26898 13713 8
1408 9051 15
6836 21350 120
3449 7245 11
16571 28845 41
20923 18158 2
6257 28999 1
16583 15832 7
18967 11663 14
7429 22595 12
20232 8631 10
1539 11610 16
11352 6844 12
9643 3116 12
15079 24433 9
9599 14136 19
16475 19519 7
5859 28539 35
18150 20957 11
10460 8492 11
23555 27163 11
24106 12081 12
10006 9399 44
3245 20360 22
6250 3918 3
13713 15659 7
16529 28665 12
23093 15832 8
6614 8063 34
11381 6901 21
28748 14741 15
19568 14797 9
24366 21273 15
3134 14103 36
756 22838 18
8344 9113 10
14737 24069 19
18956 1920 42
22222 2058 13
8980 7755 44
3881 18966 8
25163 10155 36
8533 20550 9
6320 19293 21
20251 21411 24
3015 340 12
24622 21222 10
7729 23215 6
16641 9445 33
5164 18278 14
1577 4967 19
17644 7348 10
26150 9655 6
21925 2745 17
17173 12354 29
11710 12589 11
3522 26150 7
23518 26039 9
22073 28524 3
13971 28145 26
1295 10280 8
4105 7760 27
27361 10210 17
1985 3575 12
13690 12172 15
6107 1811 21
17942 18057 33
7662 1989 20
28055 12802 26
7 11920 26
11229 2940 9
25728 26036 15
14483 19293 22
23860 17458 5
11772 8085 7
24043 5091 15
9011 6547 38
13472 6250 20
13493 16175 10
11043 8482 10
7442 21584 13
25731 7923 22
5398 5030 12
5094 11002 38
7930 26447 10
24081 23360 21
8646 2271 13
19532 9778 11
23871 11066 46
1937 69 9
7242 6914 12
4395 4462 40
6519 20081 19
25222 10455 20
6759 22164 13
18178 18811 9
2050 22131 17
8844 18184 29
24336 18460 43
3978 8172 30
225 11656 11
6387 563 41
4353 341 19
19661 27352 63
27408 4025 21
8820 17849 11
16279 447 9
6076 17281 11
4198 26611 12
26908 25682 18
17021 750 16
28041 28300 23
28593 11210 24
17717 18623 27
27480 22838 18
5222 275 23
23767 12429 21
16656 8889 9
5017 10617 8
22097 18029 13
1750 25545 13
7767 15274 29
26741 18613 19
26287 1019 19
10311 5489 13
28030 17041 9
18295 4019 47
1087 24339 9
23619 24081 23
15333 23093 9
28499 2824 12
17721 9881 56
26771 24951 22
7376 8449 9
21387 22978 25
447 24181 6
27429 12545 20
13636 22500 6
19402 16395 41
19718 7584 44
17863 26070 12
17748 1290 51
17784 12618 61
12350 23909 22
6728 3918 2
23916 28088 9
27349 11500 8
28812 3015 13
12470 19268 18
10317 23211 30
26353 1950 9
19872 12342 12
9600 8766 11
25420 26061 15
11160 13143 8
14601 24161 32
11781 12946 21
87 10839 25
15213 18090 12
9492 6783 4
15797 16926 6
8448 8637 60
15403 8482 11
11309 7174 14
2339 17731 25
27045 6844 12
17106 11021 21
3321 6627 8
5248 28787 13
9990 26056 8
10616 11771 18
27024 23896 13
6851 15307 35
15305 28668 31
21675 340 17
10288 20655 33
20961 19020 25
6746 15855 9
13980 19747 80
26308 1497 9
14219 11738 9
16311 16440 10
9430 13857 12
20283 11771 11
25181 9803 34
9192 6257 2
8034 22595 11
15949 9046 31
26786 27302 11
21306 19817 12
9570 923 10
890 2348 24
2745 2749 10
14765 16358 2
25591 8697 20
25267 28313 20
28291 21946 5
7470 17066 43
22502 23061 24
28622 21904 20
27889 12994 42
6710 9655 6
19020 4328 24
16114 7819 20
28286 18966 8
20704 703 9
26973 4035 22
25510 15782 34
26369 1683 27
4155 5091 17
23457 17120 4
6949 19322 32
3102 15020 13
1492 23522 40
23215 12106 3
25943 17500 26
7275 16440 10
24919 23456 5
15122 28628 3
5639 10021 22
13483 2008 13
20673 19824 19
26556 10564 40
22006 686 7
991 10752 10
16748 1454 30
20816 1408 17
18234 5964 20
28976 3839 10
10014 23600 15
20213 23211 36
10652 22851 20
17782 24530 11
8061 21969 44
16360 7799 9
4061 28035 9
16793 9112 20
17407 10422 8
5424 28281 44
22332 16324 11
23499 22853 17
10167 28693 44
16076 18502 46
5981 6012 16
4447 17709 10
586 7315 5
12011 1157 18
3759 915 75
13561 7857 21
12663 25670 16
8527 11656 6
1955 5804 29
20093 21946 4
7965 18115 26
3083 21566 13
2749 18811 9
3308 21273 8
22000 15079 13
21743 3129 10
23855 18744 24
13821 10894 8
22489 9112 21
9466 23680 12
22281 7296 10
26930 21924 8
26960 23060 9
16274 14390 10
16263 15264 26
2189 6699 12
26694 7524 8
20393 21794 12
9112 20793 19
23326 18966 21
22253 1166 16
8895 1729 23
8174 1714 4
26784 26837 17
5960 4550 19
6514 20518 80
10992 13396 44
16735 21078 7
5247 6808 24
15707 7679 13
6343 4014 3
22466 28716 7
18989 25026 66
26975 1241 21
14873 10317 31
25376 1989 14
28218 8560 14
10307 18736 10
13005 2301 43
13251 15958 11
15816 25768 13
17635 16029 7
18281 16683 20
9908 28030 12
22847 22432 28
24623 21078 6
6400 10468 19
11934 12574 21
25314 7042 44
4679 13138 7
24466 3116 15
9598 26125 37
4828 14194 20
21442 11771 31
8166 1155 23
14452 475 10
3092 7185 11
16736 17816 7
18292 21268 55
16149 24745 12
13107 24442 2
3699 27962 12
20467 525 17
24175 21198 15
26116 14492 39
9555 17068 15
19644 8172 30
16103 18945 13
15818 19363 12
18106 10617 8
21273 447 7
10612 12545 21
12267 7114 4
25670 4719 10
24796 10565 27
25107 4543 16
417 8293 19
13465 13933 23
28913 6587 15
9388 11278 19
3035 21053 12
28652 8297 31
24183 2861 15
18368 16672 35
12806 27132 15
9365 16438 22
19279 8159 58
11074 5393 8
5661 7760 46
22577 19557 18
7922 386 21
23624 14553 7
10156 27349 10
13608 27830 25
6982 7767 30
3505 20048 13
6568 801 44
9762 8492 10
5126 7799 9
12026 20395 9
9971 26730 11
27354 26222 11
3677 10422 8
259 23429 37
26008 20232 11
5317 7137 27
18024 12307 30
10705 27282 12
2180 24693 13
1096 9152 18
7371 8708 10
13288 10617 9
15299 3812 12
20352 16015 11
28867 21774 19
14316 12854 16
16896 28999 0
25826 15574 32
5623 8446 9
13486 27652 40
5463 15641 18
17427 9655 6
6502 6110 12
24914 7393 17
8794 9751 7
19250 9165 11
7528 19090 7
7043 9354 57
22223 14700 21
17798 441 43
12678 7582 11
16530 20620 4
27214 6164 14
26807 8261 20
27306 9360 13
18756 19273 10
15123 16092 11
10219 2795 11
4453 8325 38
7989 14194 12
8786 27602 8
13523 15057 20
345 20376 10
7816 20498 10
13633 20793 18
27695 13464 6
22003 17360 26
10096 14290 13
26586 15092 3
21733 17041 8
9326 8865 21
2165 341 30
6942 5080 43
13550 10210 11
27761 2449 9
17259 28496 7
5972 9756 14
20925 28054 4
12038 8449 9
16637 17003 10
15852 14946 3
12029 10596 16
1691 26858 10
13138 4658 6
949 11889 10
25354 7904 33
6390 1053 58
7732 22336 11
13653 27595 56
17003 21789 9
20292 28363 22
19147 14851 6
16706 20232 12
14401 2896 24
21424 26588 12
26995 28783 22
17706 2568 28
19322 7767 31
20511 22888 10
22342 1497 9
26967 17281 11
131 11040 9
13922 8199 14
27960 7474 8
18762 398 11
20556 19964 9
7398 23964 11
4019 14941 41
27249 17458 7
12506 8771 11
13330 11663 15
28480 8325 42
22190 5113 57
10752 6048 9
22210 10601 59
11976 6163 14
12177 7791 9
20048 14089 11
10828 22953 23
28912 4014 3
16820 16676 17
2947 5528 15
21386 5854 12
22071 16111 13
11949 22467 12
5712 14063 8
11212 23450 6
26221 21078 5
9219 11804 16
6119 1233 18
23525 20744 12
27597 13464 8
4764 7679 12
28703 23964 9
25471 3425 33
24413 18736 12
10767 8019 6
22061 24667 7
1359 21829 11
14675 5286 27
15021 17120 4
3056 1497 9
22657 3704 13
26428 26305 12
10266 8010 11
19254 23732 31
7973 891 14
23792 6912 23
6596 3150 19
20474 25242 11
3394 109 27
1029 4125 7
1602 16908 4
5656 19872 15
18028 22275 100
26393 9996 10
14166 22578 12
17002 23555 15
17620 27758 12
563 22212 37
19772 26858 9
25084 13171 12
24790 17527 21
1892 8482 10
3947 24087 12
13182 18375 35
14557 6606 23
23601 28091 12
4872 18609 14
19268 1981 17
14304 1876 12
17696 10460 21
25168 24332 19
11014 6360 22
9152 6176 17
17270 8394 19
8229 18966 7
12859 22706 8
6035 7171 34
17116 18811 9
3028 21482 31
20740 15419 11
26589 15305 32
19337 19766 20
23725 5553 19
24427 9751 7
20077 13629 11
19543 8052 18
17601 1516 21
24365 4261 11
28763 12299 42
15008 20134 11
27593 5705 4
1485 19187 14
7882 13938 16
1718 5707 15
26933 16082 30
10118 21833 11
12530 25242 11
20900 7174 11
26169 28730 9
14673 18856 11
19824 11589 15
23611 2137 42
790 23414 15
4178 5021 14
11963 11653 8
6360 26734 21
18691 14388 19
24923 9113 11
22624 11464 11
6802 1408 23
18008 12098 18
10574 18545 14
25908 7897 37
12084 4783 15
22684 8820 24
5783 2987 14
28053 26734 21
12637 16274 21
20337 14194 20
9851 7559 95
25745 3269 12
2637 20768 29
12204 18289 23
4783 4125 11
16904 19551 21
6372 18085 10
3549 28491 20
19527 20571 35
16874 22070 10
18324 8482 10
21571 19003 31
14344 7366 10
25722 20380 28
14422 4014 2
13715 17987 11
20833 26872 39
18066 10211 10
14531 7105 42
16253 5485 19
18496 7063 10
2790 21789 8
19003 22978 28
16662 27325 8
22545 21268 55
8967 5553 24
20548 4388 21
6252 26099 3
27268 6980 8
10959 27794 32
7139 8449 13
3296 10653 42
25317 28912 34
5095 23215 6
27595 28938 54
18162 9190 3
6785 21265 10
9798 14234 14
27887 13629 10
16673 11212 8
23038 17624 22
20931 7984 8
21353 5722 20
19979 525 18
13667 12488 24
1108 16969 22
6668 17003 10
11885 21332 11
8983 20953 42
23195 4663 7
179 934 7
16789 11920 27
26241 8905 23
8013 287 11
13153 17882 42
1767 4080 26
8766 15659 7
17779 25058 33
6987 24057 12
10676 9582 16
22878 2260 3
12566 6163 22
25217 8830 6
15867 10747 12
4428 24737 47
7969 1495 13
23913 23450 12
17731 24332 20
7837 13752 32
19353 525 17
1155 20988 19
23256 19998 25
16537 26094 21
13286 18115 19
729 24868 15
20741 10021 22
4876 27845 8
17661 10815 23
26381 7538 23
18017 28222 18
1884 4127 22
25136 1618 23
2235 16410 29
16725 14234 17
18160 6191 6
21059 11464 12
7283 6931 23
21280 22808 41
10611 26304 21
11925 19519 7
19710 19557 17
4961 26369 35
5822 10383 18
5371 27862 16
26417 14103 25
9348 14557 26
20032 9323 12
6671 10932 12
4825 4543 16
9214 25863 42
11550 27875 11
23363 20577 11
1399 24018 10
122 28651 13
25401 7287 20
26264 2214 20
8195 4158 8
21051 2668 31
18278 28136 10
28228 4792 16
20547 25857 43
25147 20395 15
16908 15536 3
25151 8782 41
24059 23095 11
23067 6048 10
7157 22452 22
18893 12131 14
10508 16641 34
884 5528 12
28474 4967 25
17248 12989 7
17348 3476 25
5130 4716 14
16029 9975 5
12567 3147 7
26500 7064 28
28574 10211 16
11582 11296 17
5336 7820 26
16082 8859 26
17566 28222 16
6093 20380 27
26554 21995 20
18218 20429 16
11064 21424 13
27322 13866 20
28107 28938 55
1454 8085 29
25547 24715 29
26854 23639 17
15382 9511 24
27287 28966 77
24597 14851 6
18389 13740 16
5046 17863 19
2035 447 9
17442 7348 10
14855 12081 14
25444 1758 27
4156 1241 12
21136 20703 56
24884 12553 47
166 23154 9
17322 9190 10
19552 23569 20
27642 10894 8
27377 201 6
13682 8728 25
17390 15338 9
11685 24858 18
3623 18553 27
3371 26728 17
16130 23943 21
22981 6606 31
6429 7732 12
18255 10501 20
19320 23899 17
7838 398 11
17041 19090 7
21546 8482 11
25723 4278 10
26631 4198 34
27801 25466 22
616 25232 22
9655 16594 5
22645 14136 19
4189 69 10
4127 3911 21
22275 22481 47
12655 12545 18
19909 25600 57
12833 27282 13
25454 13932 10
12847 2152 10
12729 21316 9
5080 24375 32
12586 5359 17
20610 7245 11
2815 17331 16
26298 25789 27
13719 18029 11
7050 21899 9
17422 3083 17
11108 15706 5
11270 25508 23
12697 9777 16
10925 2987 13
3981 26944 9
11920 15264 24
3003 21442 32
20982 9223 16
4009 10752 20
19616 16637 11
14903 6173 53
8235 23095 11
10717 16358 2
6580 22501 30
21026 4447 14
21075 11256 3
27449 27268 12
1400 26072 9
891 2540 13
17463 24539 19
7024 7313 21
8361 25263 23
2329 7669 4
12457 6302 37
14696 18856 12
24467 20063 32
4148 8264 12
7793 25866 8
5109 6406 9
27027 6982 43
12994 25863 41
17765 26099 3
485 25600 56
24022 20429 9
9778 8482 10
9824 14492 43
24616 8327 10
2526 11372 15
21564 17116 14
25980 20163 14
11891 10216 3
6879 2516 3
11806 15338 10
16305 386 21
21411 3234 19
10359 5244 17
19363 28088 9
950 26899 19
26732 27277 55
25416 8530 14
14127 9313 9
16444 20550 10
6636 9190 3
9520 19519 10
12815 359 20
18402 3522 8
11611 22147 11
19143 26862 22
22685 11998 10
11143 1402 8
21626 5828 44
19681 20196 9
23118 452 11
22062 11810 7
16448 586 6
25970 7058 29
8091 6136 5
14941 1683 29
22625 14110 18
24960 15610 10
23592 26953 25
2238 12988 40
6411 2137 41
13253 25041 15
25637 1972 4
25506 14840 53
15990 7137 27
13749 10717 3
627 1937 10
25689 25420 20
13828 1460 10
4328 10501 20
16247 0 57
8927 3121 5
14213 23211 30
449 8410 21
316 17646 15
11373 21247 18
22721 23093 9
4665 16867 8
11389 26088 15
18819 23095 18
1918 23628 42
25208 22500 5
762 19824 17
24411 26915 15
14455 12319 43
22196 9113 10
28583 9049 15
4701 360 12
19218 13455 13
3501 11550 18
22507 28606 9
8860 15706 6
988 2610 66
4805 6191 8
22803 19519 11
9636 12819 12
22259 20241 10
27510 23964 12
17312 2526 18
25323 1981 17
27780 21247 19
19469 316 24
26271 9165 12
14832 13298 5
10852 19242 4
4868 25231 10
19029 7503 12
16062 17071 10
12391 11726 6
25964 1516 21
11 19024 46
12508 9778 11
10973 16541 14
16926 18626 5
69 11500 8
12988 11014 38
10521 24457 9
28168 4476 63
13271 10280 10
22578 19604 9
13595 22051 11
3132 12989 3
15826 9551 22
26715 12530 12
24924 14675 53
16998 26771 23
5781 8786 9
10880 10106 10
4352 11479 12
18258 8368 15
18359 3132 4
24416 7420 12
6784 20376 9
21576 20704 10
16427 20604 31
7073 11021 22
27836 11673 33
4172 8909 22
6260 12898 12
13103 23566 33
28136 28628 3
6918 21222 14
2271 15120 11
19194 18178 15
14911 25863 47
27353 23008 13
9559 21387 31
4462 28145 25
22754 15186 11
24619 19203 13
8052 18260 16
14712 11585 29
19009 13138 7
51 1775 19
11993 20818 20
12159 3190 27
24160 4300 7
1630 28593 42
16717 12847 12
8326 6048 9
21417 4820 25
7239 12289 15
12687 23457 26
3481 28882 10
16598 8838 20
21609 5211 23
13535 17989 11
17040 6079 23
24833 179 11
13750 14738 17
28075 7137 27
1134 25160 67
4304 26728 11
7387 7302 6
26659 13629 13
19939 27830 22
27466 18988 19
22597 16475 8
5136 7875 15
28049 18457 61
16507 14913 17
25992 25332 55
17169 28999 2
21774 22853 18
3127 4783 14
13430 22631 10
6399 13913 16
7785 23683 31
18566 18403 15
27076 3575 14
14872 23569 20
6078 12099 42
3121 20628 4
15471 3279 15
4649 15286 14
1662 16082 34
22635 12048 21
6712 6191 6
12393 11738 9
17052 4520 67
9662 4171 19
1179 17288 29
23159 8656 30
21697 17179 35
25227 25740 18
24749 25861 10
22822 21924 8
9323 14650 11
18608 441 34
28651 10182 12
4785 19532 12
23450 15235 5
1177 24022 16
7897 9445 33
9854 501 63
14735 19242 3
24245 28794 10
5263 21455 18
1024 17770 26
7944 3505 16
24999 6191 7
13369 4081 40
15481 12321 22
25580 9190 3
16544 10211 18
2575 2914 26
6769 28816 10
10932 20271 8
23594 1035 9
18485 3092 12
1507 24164 10
12044 9091 25
13792 8494 12
5266 10066 6
11375 2749 11
4438 1775 19
619 1157 18
21060 13681 21
12166 9503 20
14354 9553 21
27285 1460 11
10211 11891 8
27655 4125 17
27840 11352 14
23397 15321 10
7898 16440 12
26105 51 25
6456 8408 15
3324 22251 56
18249 2152 9
12510 26635 9
27897 13387 63
18462 259 40
5131 1814 18
27845 20550 7
25283 1534 13
15291 11560 8
18277 5169 9
187 28651 16
6097 3150 15
24879 18292 60
17492 15536 3
22651 337 5
17527 12511 12
9718 18907 12
3704 25789 10
19771 4305 11
21917 23411 4
28359 20999 19
27078 23724 53
15744 4967 18
12440 18577 23
26273 26988 7
17100 14093 15
9716 7482 43
7262 10422 8
11039 14541 31
23231 5158 11
18471 26439 22
11214 13153 45
25768 21401 10
26125 3898 22
7536 26222 11
15344 27797 12
26679 2932 68
869 5446 12
23986 8631 11
25296 4290 40
27160 3664 31
13495 15820 59
24261 1419 12
6149 18772 10
15321 15832 9
899 6048 9
14406 28701 18
12895 8461 10
686 16358 2
20738 3911 20
18511 6311 45
2517 4681 36
11585 22324 10
7821 1972 3
20707 4663 9
13621 10066 3
13580 17288 28
8838 5021 17
3771 26358 7
22815 2228 49
411 22625 19
6068 11758 13
15832 8327 6
9591 6248 25
13393 20957 19
13591 14227 28
18684 18553 27
8345 13740 17
6869 9192 4
13850 19178 9
9835 22336 9
13014 28912 8
1484 25903 47
14904 23670 10
19356 2041 26
6699 16826 11
230 22822 9
1060 9606 6
17761 3828 42
24745 6783 5
13322 26786 17
22385 2152 10
28850 3677 9
7460 20196 7
23320 12407 43
2037 22706 10
11625 21247 18
10924 3147 6
28114 18106 9
7904 19293 27
19462 27656 60
5295 4743 30
17816 10280 3
7526 15708 17
8973 26150 7
1489 18566 17
7538 6914 20
28972 10653 39
7015 12536 50
28451 12946 21
18164 25293 16
19597 16815 14
7847 7799 12
2486 17627 53
4911 15621 62
18891 4107 7
28709 8855 21
26873 10280 6
22532 6541 16
2438 19730 16
28171 15438 10
22714 8927 6
22990 21177 12
15967 7031 16
6382 24081 25
4807 7971 15
8764 9229 6
24104 10422 23
6079 15286 16
21928 21564 15
2861 6668 13
3777 15922 28
14831 19740 15
14978 20703 45
11021 9091 20
932 14342 11
25616 17878 18
9161 27672 12
17815 2150 22
27427 17262 5
10244 6321 40
19807 11111 14
10411 25466 49
21982 7759 32
4087 3039 12
25073 23429 39
19835 19202 4
15922 9606 8
6070 6276 23
16807 198 12
27346 1025 13
14744 8026 23
20376 4663 5
4333 8697 21
9777 6406 10
6651 19178 9
28417 27325 9
19730 16103 15
1370 6725 10
18806 20792 20
24185 13325 14
7652 26873 9
28544 28667 10
9490 1529 18
4579 22147 10
21027 26734 30
18835 6725 11
20814 11920 32
23840 4930 41
28770 5333 9
27132 18324 13
11788 9910 45
9195 13580 29
3415 3117 6
20300 2451 43
16886 8779 11
18870 4328 22
3828 11002 37
24023 20511 12
11539 20000 12
3438 18145 23
18633 1937 10
23265 9578 22
19024 25346 41
22546 11845 12
984 23416 29
20865 4125 4
9751 7866 6
14975 23346 12
21320 23231 12
1994 12023 33
18695 3243 8
16670 5449 45
24560 9551 23
22854 12393 11
7064 14482 21
28088 11738 8
12753 9953 45
15764 6844 6
24696 17275 23
6850 1969 22
11889 18966 5
8651 6400 26
4833 18945 9
2124 3112 28
15120 22597 10
4259 13010 43
28057 9198 23
16925 25157 28
19689 2436 10
8739 25141 12
1603 27289 14
24470 5776 36
27561 28136 13
21987 6245 29
2400 8530 12
19408 22762 13
25564 12626 30
10440 15867 13
2548 19552 22
13629 1041 8
21014 24427 8
4201 16324 11
4852 8085 7
456 19390 4
10114 15235 9
25639 4701 13
1984 10280 12
85 26807 21
2436 19519 8
13772 22196 14
8404 5969 13
26899 4783 14
11066 17043 40
9477 12814 59
2348 238 20
26610 3698 15
18573 8631 11
15814 10674 48
26102 3006 25
16613 1419 10
2226 16972 63
20318 26264 23
27962 26586 4
17606 25242 20
7315 16072 4
12545 5359 17
20940 15621 65
9749 19836 20
15274 24375 28
27596 18239 41
17066 3456 38
14027 9433 25
11767 14648 16
20119 24433 7
13649 1041 9
7426 26486 11
8232 14946 3
18833 12489 51
27217 14553 5
7185 9154 10
14927 5372 17
18935 3121 10
3019 9354 30
24000 6436 19
23567 28598 29
16333 28520 57
19455 19824 16
23737 1828 26
26343 18966 6
14632 11252 13
16426 14518 11
12579 3880 12
7640 16082 34
13542 283 16
1246 4507 10
28966 27352 64
11938 19203 21
1472 21869 27
10319 22781 19
25682 10841 15
10443 27555 24
22100 3934 21
24383 6321 42
2841 21904 11
21794 475 11
26826 27246 27
9846 15659 12
11345 27497 12
23218 17998 72
3054 28628 4
8728 20271 11
10653 17043 38
3730 21950 13
23522 9508 22
13857 17867 11
17867 22467 10
16072 20628 3
17502 22978 22
529 19694 72
3180 11375 18
12755 13989 12
4158 6191 6
4348 6949 35
6985 2152 9
7946 21265 10
12112 27310 21
1310 7812 21
13620 28850 11
27648 16896 3
20416 27918 25
21180 25980 24
20148 8293 21
7509 11290 11
3729 2394 5
7504 17748 53
27474 20571 58
23414 16324 12
2787 468 48
18952 4129 14
15009 26357 24
13928 23555 23
11952 11560 9
20478 22597 12
24661 13065 38
15488 26394 9
22237 20636 11
26093 4410 11
14178 27928 12
21332 21789 9
3575 3839 11
18131 15744 33
8962 18553 28
21753 21387 26
24887 22332 21
18658 22840 11
21798 17635 10
6715 6343 5
18202 25200 11
12380 18856 11
24057 28787 10
26592 25346 48
11540 11449 11
4988 386 32
12588 6184 8
19446 13369 45
5784 10301 25
19344 24826 26
21094 27246 25
13068 25628 57
15844 4537 10
25198 23724 64
14826 10118 20
4185 12457 49
20688 8449 12
18966 8912 4
27794 8063 21
16175 28088 9
11323 15569 14
25169 14234 13
24243 20163 18
11349 26182 17
26297 15050 10
16765 1140 24
22125 21969 42
28946 4663 13
17668 9244 4
13408 20628 5
28939 12166 22
4792 15518 14
3093 15321 10
18885 28591 34
5622 15739 6
12106 12989 1
12081 7315 6
5925 8020 18
28816 26858 9
1163 15186 11
12626 2732 16
6380 7315 7
2963 166 10
21082 24087 13
17255 11043 11
6695 9063 15
5288 7174 11
25247 26039 12
8938 11579 13
17372 19903 20
20429 15832 8
8006 17527 14
6416 24693 15
13385 2345 22
18815 21268 55
13539 16736 10
2516 19202 2
923 18260 9
25500 15467 14
26730 22597 9
1814 22532 17
1193 10501 21
17290 19293 21
24563 3863 24
4092 19562 18
17239 9990 11
18611 25291 10
20682 16290 9
16058 8909 17
13490 25857 66
16799 6627 6
15438 11925 8
21836 6844 12
16190 21638 16
11994 485 58
4300 20501 5
17882 7755 41
27849 15504 13
11189 11540 15
7374 27602 9
18087 27045 15
20818 21485 19
15882 11925 9
5035 1877 31
3993 22840 10
22250 4127 22
27057 9005 8
16965 9716 45
6977 1781 19
19901 12946 24
9268 8905 28
23346 21899 10
6622 25296 42
26283 24018 9
20655 11959 32
14503 24997 15
25517 19755 19
14259 27289 22
1863 14129 12
11686 28913 17
25641 28858 16
16715 28267 26
14414 14194 21
25388 13562 12
3094 1035 10
12922 14648 14
9863 13007 23
10452 18153 12
8613 11738 10
4045 25857 40
15774 19499 14
17378 8529 11
19499 1233 8
14097 26369 61
25105 22098 6
12621 23639 11
22775 13547 25
12489 14348 46
24487 17980 12
17119 28136 12
27426 15856 46
5229 13367 35
1228 21482 27
8516 25499 19
2153 7341 48
15866 28901 22
6144 18248 19
16672 24081 25
14018 15869 42
24024 9179 19
23173 24425 9
395 9794 13
8624 21743 11
25464 5755 9
23242 10376 51
4820 2841 12
19780 7233 46
680 19772 18
915 21055 61
23665 13932 12
25490 16130 23
11286 21332 17
3583 201 4
13681 11839 19
19694 19747 70
6482 9113 11
27829 12850 53
9404 1568 32
9453 12407 44
21956 8482 10
11333 2896 10
3243 9655 6
12715 6321 46
13349 20456 18
20319 10747 19
9722 3262 12
2929 11726 7
19604 24181 8
27 11472 57
19513 6302 18
20022 26872 36
15467 19439 12
10854 22755 9
6436 12098 18
15429 28420 18
9143 26428 19
23478 7824 11
1935 1981 18
24677 9975 4
17783 18894 25
9277 1559 13
19070 9154 12
6935 19440 49
19822 23639 28
4273 17281 10
10839 1969 21
20462 15333 10
20079 6901 21
10808 8172 33
21924 8085 7
28496 10716 6
2732 6842 13
14668 17458 8
10066 16358 2
180 9446 27
3156 26036 12
25231 23154 4
9801 17587 48
15954 8782 42
18262 19702 45
9546 22809 56
1784 9604 13
7827 5244 17
23909 11839 20
7420 12038 10
11568 11603 27
5181 10752 10
20056 8184 20
12018 3184 65
26658 8472 17
5662 4833 15
16867 18 6
28471 12574 20
13612 26070 11
8765 25599 18
9005 27202 6
717 15336 17
12636 10529 16
13317 22629 45
20101 1539 20
11738 20550 7
2325 2394 10
12206 23036 12
16164 17390 10
3304 759 11
5652 11685 22
7265 20047 87
4251 27222 18
6327 8645 11
19136 4825 25
1243 16164 12
18811 25021 6
13812 4833 18
2168 25540 20
9582 27059 11
6011 13866 16
8425 21423 15
21772 14858 11
11244 10383 29
22324 7524 8
11515 629 36
12033 27522 10
26262 1174 25
904 16305 23
3232 18613 23
26165 8779 14
26665 485 58
2423 5321 69
1926 20666 16
17496 28583 25
20498 28088 9
1686 27045 13
16205 26725 17
17043 23211 36
16150 3934 14
11524 6715 9
12634 28118 13
6113 13975 20
7727 2195 11
12560 7567 11
11027 14650 11
7285 4668 13
12225 27519 29
9302 7679 14
3937 25545 13
21115 22838 18
20907 18193 5
11988 11869 53
23424 11673 13
13933 2150 22
4771 3150 10
13894 25745 20
24913 19755 27
27875 27845 8
27907 26660 36
9539 11035 45
6127 2749 12
11804 10342 15
7608 6360 22
1534 22500 7
6309 9599 22
14429 9195 32
13263 4107 9
22326 17407 13
8227 20395 9
26074 13464 10
14851 28524 5
15900 8529 12
3618 18289 22
24117 8865 20
18901 4125 17
3773 16656 11
934 14279 6
26982 20636 11
15906 12636 18
222 16880 21
3894 6785 12
8839 25995 17
14575 16866 13
18388 1863 19
28323 8492 18
27042 19437 29
5749 18577 26
26626 17430 8
14110 26858 16
4841 23363 12
10954 11267 12
22808 1683 27
10897 2394 11
20577 16594 10
6944 10978 17
26572 7315 8
7042 13396 34
1420 5158 9
1607 27289 14
829 17989 9
12974 12357 13
6218 21485 19
19152 22507 10
13080 7262 9
15817 18453 9
23327 28876 28
21198 22053 12
8774 13713 9
19747 19752 63
16296 13437 49
27703 4080 22
24656 2932 71
8115 18856 15
486 19740 16
20792 18115 19
18734 27664 9
759 27974 9
3893 2531 69
28438 2680 25
18609 28496 11
11358 14348 42
4658 27400 5
10239 25026 47
9881 9214 43
23028 8909 19
7803 2646 18
3428 23259 16
19878 19151 10
15092 16896 2
26213 2790 9
23557 27163 10
3177 21833 11
27155 1937 10
21617 22452 24
26999 26872 34
1181 20241 3
17534 28336 21
8261 12011 19
16442 8406 10
712 24181 8
9606 11656 5
12414 14113 16
15739 27110 3
25492 785 9
14835 17239 15
25541 26584 13
26855 11589 17
22697 17850 32
18836 9437 39
22394 4949 13
12046 12934 12
28797 12708 22
23413 15274 31
19035 3129 10
9409 22685 17
3150 27527 9
8778 6310 28
6223 5774 12
24381 11637 8
10707 26725 13
13343 21273 15
16737 15235 10
23995 20996 12
25734 15744 23
11721 28451 22
16291 10280 6
15057 21632 17
11861 21329 14
1142 1419 10
8 6320 25
2383 12172 14
24680 18309 9
9324 5854 20
13837 21829 10
18912 26222 10
21149 9881 69
22370 43 29
27864 194 41
16588 8235 14
20501 16594 4
7287 1041 9
28876 14227 27
27487 1669 9
27007 22466 8
12292 1568 13
24709 15839 20
23124 8889 8
11580 12321 24
17062 762 37
27514 4081 46
528 18289 24
8561 13621 7
18250 6643 13
26156 11781 25
27163 10894 9
18453 10280 5
21818 18103 43
1621 11373 33
863 4931 22
155 17288 29
27116 18553 20
10815 19603 14
10436 21203 12
3190 15264 25
5230 11043 11
6029 24066 63
17323 19038 25
15235 11256 3
24722 25454 11
15825 2760 7
24074 9229 13
20666 28222 15
525 4129 11
22444 1376 20
3334 25995 11
4595 14018 53
5777 18260 17
10231 11342 11
4699 28701 18
19804 15644 16
8159 19024 42
6874 29 16
9794 25789 10
19937 11798 27
4909 15333 11
5187 14840 42
2697 28362 19
5719 27110 3
44 24619 17
13804 24442 2
1661 24366 18
25293 26930 9
22475 4681 39
26728 26308 10
21073 28114 10
16878 21995 17
3751 225 13
25332 23522 40
382 260 33
26349 21099 32
25392 6808 19
9755 10389 10
19409 18249 10
14518 28787 10
13605 7414 76
22481 5642 46
22996 20134 17
22469 11993 21
1251 15378 14
23050 6387 43
1206 23915 36
23529 20673 22
24152 23860 8
17982 17989 10
16505 17867 12
8631 8449 9
19515 18581 12
1876 21946 7
3652 18988 22
18239 15264 26
2448 22739 10
13149 8314 20
12950 6944 28
26186 3874 15
17746 2883 30
21761 28062 17
18 21917 5
13110 3894 13
10755 28591 29
23983 24511 4
13671 14650 14
2450 15130 15
11382 16866 13
13284 27325 7
8958 23670 10
1775 5359 18
2687 3976 9
17278 817 6
1208 26486 11
7482 2301 42
5184 26899 15
13311 6163 16
6586 8325 31
28156 12436 36
6243 20360 22
17637 28049 70
4375 8278 14
8070 25789 10
14446 12637 23
10601 1774 29
14089 27845 8
7081 386 43
18269 11183 21
14494 8091 6
28823 19824 16
26862 25499 20
21688 19765 12
14432 25857 41
1805 7821 12
26270 19702 44
15168 11298 22
21635 12574 25
21316 20119 8
337 11726 3
11408 9358 16
25597 10702 13
20778 9869 12
1669 12883 8
11252 20429 9
17643 12717 11
26444 18912 12
18039 27974 11
16012 23095 11
24776 8494 12
1582 6982 44
17458 20628 3
1153 28637 12
20241 19202 2
26181 25813 35
1900 21607 11
12346 24570 37
6783 19202 2
23094 21896 24
18321 13114 11
8264 11043 11
17315 9579 34
20896 17196 20
10754 26915 12
26635 16072 7
24161 4739 26
24732 5125 22
8492 6184 9
13989 21899 11
8704 10460 20
987 8446 15
28213 3767 11
10376 11014 35
2412 7529 16
6643 28136 12
23456 21078 3
11769 12502 22
26606 2932 59
22796 26872 43
18613 15641 18
27450 28966 66
17937 2100 17
2008 16813 11
19603 18811 13
16577 11021 21
27847 20429 17
20290 16747 11
12732 20134 8
14969 28055 28
19010 1937 20
23378 15183 43
12705 1460 6
28904 5749 39
19624 12898 45
3409 6391 13
12488 11187 22
4774 2717 32
3786 15438 9
21001 26486 12
13332 15479 8
18027 4438 21
14152 2050 19
5890 24868 9
5969 6980 8
26681 1775 29
27400 16896 4
16038 2618 22
2260 7503 2
28419 26887 24
2952 25708 14
7080 629 29
24066 16008 44
2134 23093 26
23975 14743 44
7223 8838 19
24997 829 12
15785 14342 10
21749 4543 27
12367 12946 45
16718 14103 23
21179 18389 24
11587 16475 8
3272 23231 24
19246 28485 23
7423 12913 15
3227 3119 21
10702 23916 11
3043 19356 30
5640 25265 17
21815 7503 3
8199 8037 13
4610 25305 34
11122 4063 25
6173 20953 45
22631 26072 9
17752 18058 33
4573 16721 12
20082 23399 48
26037 13949 4
2795 7993 9
20011 21829 13
20563 1839 21
11629 447 7
27503 1526 16
25384 12663 18
23545 25200 10
15659 14279 6
11663 4014 13
24442 3918 1
76 3150 18
25672 17312 19
28369 21247 30
83 23193 12
27576 2932 64
21896 734 18
24347 15672 8
13678 15186 12
6401 2932 52
8037 4014 11
3563 18017 23
10448 24622 13
10490 1683 27
9995 4681 36
15692 28222 20
26950 3021 11
12632 14422 3
2220 14648 14
750 447 7
7874 4929 34
27113 21829 12
27551 179 8
11273 22838 21
162 6351 15
11500 20550 7
11618 19490 12
3898 447 8
18184 6619 26
21484 8533 10
22781 13288 15
12850 14599 46
28420 25768 17
3372 734 13
22136 17517 11
16400 22097 17
14638 16089 11
25278 4163 9
27862 16420 14
15612 5113 44
24248 10546 14
22251 1560 49
18541 13547 25
21673 13114 10
3934 5701 12
14988 2271 12
16223 21924 8
20944 26913 43
15695 21222 12
1959 20053 73
19940 17816 5
15902 10156 11
12188 25916 19
21566 3129 10
23206 4163 10
23541 20550 7
17695 14252 10
1384 24680 19
13964 3064 16
7384 1277 8
24255 14127 10
5446 12589 11
21785 9558 25
18029 23670 10
8674 3242 17
3825 15536 3
7718 5356 16
4905 5642 47
14593 17867 28
17288 7 27
13938 6842 15
22147 7062 9
10011 11313 13
22730 3257 24
28181 2882 17
15458 8052 21
17570 762 21
6191 28054 4
8662 23360 21
9809 18967 17
7259 25908 46
12803 13014 9
10591 22888 10
7233 15744 40
28403 13949 3
28588 7755 41
5508 3190 48
13318 1775 23
20744 4279 11
17627 2932 51
22247 15079 23
25199 18553 23
6351 7746 13
23419 11187 21
9093 1926 19
27710 21604 15
27861 24116 18
26711 7114 7
4431 14234 12
14136 9795 18
9534 15504 9
18422 11771 12
2484 23683 35
8408 7524 9
42 26730 10
8940 13591 42
7524 3147 7
10144 11839 22
17096 987 34
4150 4453 44
27222 3449 16
28655 19519 7
18894 1025 10
2946 6257 2
3066 14003 15
14288 24152 16
14700 26486 11
3799 13153 43
12900 17454 12
28477 7221 11
13213 6248 27
5707 511 10
22992 6691 44
14359 12380 13
16812 21829 12
555 18085 10
16089 22840 10
1221 21053 12
4675 27519 25
1247 15816 19
12238 19455 18
7000 17346 55
19055 26260 8
3278 27758 11
4129 4014 9
9244 28952 3
22536 17043 38
23575 14870 22
28091 26070 11
27445 1179 36
19255 9437 34
13646 1877 30
17329 8406 9
8191 27045 17
18466 12989 3
14907 28952 3
22964 10002 17
7601 15536 5
11479 7062 11
18421 14807 33
5594 6725 25
16227 17709 22
23681 27211 31
19855 11027 12
14348 3456 40
20000 25021 6
23566 20081 18
17499 24457 9
23504 8063 21
8804 21078 3
10064 22840 10
13437 18131 36
20947 25749 17
4025 21247 17
9977 1772 11
8173 3456 51
11081 21539 18
13930 21632 11
16971 21607 12
20951 25545 16
27259 27151 25
4478 15338 17
7329 25603 15
17850 1877 22
17275 11046 19
23987 13975 22
287 21789 8
26820 12319 37
22195 21753 28
27274 9604 15
11735 22501 29
9795 22332 17
19717 26973 32
16220 7221 11
18867 28999 7
1421 5021 17
14910 11296 14
43 14913 18
10191 20239 7
27912 14113 24
5668 2436 10
27453 1876 10
24966 19473 33
9592 3476 29
14840 3456 41
1869 25074 14
3430 341 17
15948 1714 4
7141 17942 35
22178 891 18
22576 13285 27
1241 7275 11
17530 12098 36
13645 1712 12
18171 28520 57
5467 13809 21
0 13065 39
11096 28281 46
1660 9910 47
19541 11123 23
13913 8530 12
6930 24707 9
23626 209 11
26041 28215 25
3381 10880 14
27372 18359 10
3030 27889 46
11046 21485 17
8553 11472 41
11569 10419 84
9562 762 19
17977 28054 10
27095 25494 46
21064 14136 33
10283 11963 21
15405 1582 46
9091 9503 19
23615 9192 3
6440 13884 30
26061 14012 14
3414 2668 27
21933 18783 14
8172 25157 27
16541 936 13
10331 8174 5
21606 10564 41
5251 26635 9
24168 7000 57
3039 28787 10
22413 16577 22
9849 15536 5
26884 5887 8
198 24919 11
19811 19603 15
27261 14673 18
15479 1460 7
18372 26099 3
2894 22911 29
1321 27845 9
11129 15796 30
8386 19649 34
19125 28912 12
9063 18856 13
26550 19702 45
25195 21523 12
27689 25703 11
26388 7451 24
13698 17011 31
2574 17989 15
1132 27886 17
8528 398 11
2164 21268 59
21367 13153 45
9614 23566 20
10196 5753 11
1890 27400 7
28606 15832 8
7633 15948 17
26914 20474 12
28733 12730 18
28058 2041 26
20823 25740 19
9554 13949 3
9511 8865 22
1194 16376 7
11848 12994 42
28921 6931 35
15269 11771 20
10182 25866 8
9966 2515 11
2934 8746 17
8297 21424 15
5576 249 22
28251 4029 14
4759 14949 20
17996 12106 3
25305 25058 31
2324 7829 7
9882 28655 10
9432 10210 7
14533 11046 18
19803 19519 14
22883 7503 2
11255 20134 14
6301 7640 57
26384 4930 53
18225 17270 21
11798 5194 20
19440 19322 33
9706 23726 51
10964 7816 12
2301 3456 41
9690 12579 14
5359 5090 13
