25999 17235 10
28981 27214 7
22781 26493 28
341 24976 15
5474 6657 15
13544 11889 17
12599 22372 5
10502 6140 18
15462 8690 10
16369 27199 8
22357 3365 13
20458 23541 14
26437 2185 34
11191 12264 13
13775 22293 32
10813 13168 21
4964 16719 14
5045 28189 44
26533 25664 25
25095 13284 21
5701 13746 21
11059 28526 17
7648 16701 8
27526 9809 18
28658 18614 32
2123 4041 9
18233 20078 36
15801 25052 13
8006 3375 42
16194 13323 20
8893 10861 31
25664 11911 24
13791 11688 9
22347 22299 15
15354 6197 11
22755 19215 29
13026 3500 11
7876 19958 25
19940 16936 16
4008 23162 15
10881 2282 61
28307 18973 19
24033 420 4
6405 21807 55
17110 14027 9
14581 6410 26
1123 736 14
25164 4692 16
11391 25177 23
24062 19057 7
2776 4667 19
22299 15408 13
22090 12599 7
16427 17672 28
19335 7735 16
23234 4824 19
25227 23729 30
3487 27695 15
12412 28138 26
4000 10141 14
26495 5311 18
4037 28524 14
15278 24441 29
28884 20516 26
4226 18587 32
12117 15742 17
20575 25551 44
11964 22493 44
16635 7717 30
20259 12238 24
17521 2594 15
15452 22051 13
24928 28634 29
19915 18049 38
6227 19774 38
21056 4561 43
16971 13080 33
4705 14354 17
7103 17252 10
5720 23492 24
7698 18469 29
12209 1964 25
22303 22435 15
10480 2261 37
23379 2753 17
21273 28778 23
6440 26920 25
6732 19841 22
7867 10117 41
2031 23015 8
25565 6960 20
24965 765 14
28399 10299 8
20698 5940 16
1381 6516 21
17307 18973 21
23457 13665 18
23749 4957 15
10283 2980 16
11867 13026 12
869 5522 26
19841 12889 19
12232 12710 41
8098 9761 10
15316 23866 29
21763 6448 20
7196 6779 18
24501 21994 20
22987 6657 18
15825 20737 13
22419 22583 12
7980 27174 18
23882 20435 9
9735 10299 12
2209 23957 11
22673 1939 7
13746 8496 20
4347 17220 27
7574 14890 13
10961 27458 17
17689 15858 60
20790 420 6
1722 15989 18
10041 21660 10
14011 15354 14
1664 18724 40
19637 8412 20
25862 17728 47
14241 22823 19
27656 22304 17
15679 6563 19
15695 22340 19
21943 6493 30
18252 8172 7
18877 588 15
13128 13212 20
22013 2224 7
24044 17043 34
27516 20544 10
779 176 15
4005 15768 26
5028 28579 44
20406 11533 15
28157 1747 13
8061 28497 12
27302 25704 17
25973 3684 33
2936 23828 9
12960 4106 16
3591 26406 15
12469 3307 20
10118 17273 11
9192 8449 44
26275 21815 58
18587 945 29
8075 13544 18
16137 1881 15
1003 12018 17
9008 17592 17
26547 17769 13
10067 13646 13
6078 19944 22
10073 2934 9
9484 4698 19
9452 12711 11
22478 21545 22
28862 25999 11
3470 28999 3
8277 6996 18
3659 23426 21
27227 9375 11
19277 4738 24
19503 5470 30
15634 14285 17
27098 27466 17
18644 178 13
12771 6063 19
6029 13503 13
13890 19976 9
611 15411 7
24886 27695 15
28652 14694 15
2344 8748 15
6620 17085 16
26851 705 33
9003 18676 18
21102 23354 25
12925 28399 13
28449 16324 24
14846 12498 44
8438 6657 18
4802 22290 19
2542 21787 24
10173 24973 37
1554 17165 15
2747 13485 22
23795 24058 14
24567 11189 11
9983 17782 18
14181 10864 16
1016 27366 8
16287 16436 18
4266 8546 24
17722 2941 37
22348 13078 12
6860 14360 27
14561 12521 24
18845 26205 54
11388 7536 9
20213 28070 42
19005 10147 22
5970 27141 13
28547 8565 30
25998 19072 21
22126 11189 9
8430 16057 31
27788 6138 6
21475 22646 48
24303 14330 18
24397 17363 27
26458 3216 22
23729 4857 16
24864 15761 31
15210 27954 16
28526 13323 13
14665 24280 6
8196 14277 16
9584 25425 18
7181 25808 27
27956 1288 29
12685 25517 17
25447 13957 21
27727 8402 25
6892 8715 15
22435 11462 8
9611 27188 39
8099 8672 39
7056 22879 26
7925 13168 18
15256 17964 16
22918 26628 19
12761 24727 13
10763 25437 17
21042 14113 8
2540 21815 58
26227 19246 38
10682 12518 19
15759 22077 26
8546 21435 17
5133 20906 25
8426 7302 20
12354 1315 8
20014 20611 19
13080 8077 32
28448 5602 27
17509 20002 27
9562 14820 27
26876 10627 38
24499 21545 15
28873 19339 17
21435 17478 15
2333 11189 24
13148 353 26
3028 5474 16
19500 24037 14
12930 4856 15
1252 7536 16
22287 373 9
17251 16683 22
18772 22031 37
9165 21224 13
9652 12240 15
2388 6529 17
20715 22372 8
4701 23827 21
5775 10538 17
22135 16515 20
11924 6950 18
18959 7599 24
21274 12222 22
13203 7771 31
25939 24256 63
2282 17618 24
9957 13938 25
6576 14189 39
9467 18070 14
9858 25631 9
23487 15648 14
9338 17273 12
1933 2594 24
6443 24983 9
2444 351 16
19174 15634 19
7168 13829 18
3866 8098 15
7900 12867 16
15732 10307 16
12081 1962 16
20898 22100 21
16928 19206 10
2980 14354 14
25198 27211 19
23741 11818 10
3812 6090 24
8796 17856 17
20072 9484 27
10988 1334 9
5636 28999 0
1134 12073 30
13533 14435 19
18426 24735 19
16191 21409 10
5774 20682 30
26972 21022 17
20193 3064 24
22927 17273 12
28084 8517 20
17010 21046 18
2823 20177 21
569 14324 13
24988 26493 28
14115 28410 25
910 5192 10
17395 12599 9
27394 23585 22
18624 16968 14
20612 19940 17
7477 26301 11
4003 22357 14
27667 15768 31
3033 19399 14
15961 24718 12
19072 22347 20
24592 17704 38
10728 10492 12
5163 9833 14
12311 11604 25
25517 176 14
16049 28399 11
2549 11 12
18659 15443 17
22087 11023 25
7720 16701 17
9140 16 18
24002 25830 18
8978 6657 15
13289 19089 17
21890 27404 32
15173 23280 11
6191 16690 16
101 21673 24
3159 19415 10
27164 27682 27
5909 24037 14
21993 351 16
22250 19022 16
13474 8063 13
13010 22372 6
24259 6440 30
3287 3829 10
21900 11818 9
20762 9730 10
26772 17133 49
19198 119 20
9375 16733 8
8497 28364 19
16720 23811 15
23280 9375 9
21172 25808 25
5305 6720 21
11889 3773 16
21346 22372 6
19568 27633 17
22886 23985 34
3851 19771 6
26010 9599 9
21884 26628 18
3375 11014 41
21304 14690 10
5642 17293 9
14746 28543 30
10091 2224 33
14780 19715 19
2531 15634 18
19015 23266 20
7057 22568 23
19672 3430 12
215 21389 19
12889 24586 10
15593 6920 8
26213 28872 34
19818 5916 33
27717 2771 36
5705 20157 16
21755 3565 23
13601 4826 54
18469 4261 14
16851 13485 20
23827 27390 20
24013 17628 13
3557 23039 20
27995 26352 5
6460 22225 32
8931 2594 24
3895 15178 32
14753 27995 6
6787 10621 21
1052 16702 9
10307 39 13
403 13168 17
25524 21265 40
16108 27554 13
11053 25966 24
17133 20213 47
13803 16733 7
8345 9452 16
12867 15043 15
14394 21409 17
8268 25851 22
17445 26590 16
25254 24033 5
17975 13168 17
6140 7813 12
204 6529 22
6618 11189 14
5746 12555 15
2520 112 63
28200 3725 20
1564 7275 22
26899 14482 22
28429 28549 6
18049 4905 33
7857 16720 22
27841 7536 9
25851 13561 16
25415 13920 18
27468 25085 22
9607 11540 16
20333 23426 23
5739 10368 24
2180 4701 22
28997 22424 15
12367 27019 49
8935 826 26
16201 22135 21
11099 26839 21
13277 1243 51
9877 28988 18
14384 1182 25
8356 7555 24
12798 20624 34
16498 20611 19
22155 21577 12
27174 13347 17
14482 7359 21
1302 24333 15
6286 27727 32
13303 22372 8
21029 22868 55
12348 25968 9
6779 28410 17
2920 14890 13
8290 16795 35
22442 6092 16
23866 14945 27
19045 25999 11
10621 15687 12
28150 26493 30
26278 14428 24
18130 18659 34
23521 16731 21
6902 21174 10
28912 24400 10
26882 15800 11
12681 10621 19
18346 23206 18
27799 371 16
1417 28138 23
4854 4397 30
1198 19326 27
27831 18587 31
23294 13608 16
18234 6869 30
14348 20056 19
1861 1016 10
4779 14980 11
15524 22261 18
7455 23895 25
2389 7501 37
147 10176 38
2846 10117 32
5165 12595 20
15895 28853 19
24577 6620 17
21022 19206 7
8580 24983 8
9092 9375 12
5205 7083 10
10159 12182 27
5639 1199 20
19352 1126 18
5503 4063 11
10500 4117 17
7771 2286 30
19451 19559 35
4356 3737 29
24302 17220 6
3178 22229 7
7331 2344 16
22116 28453 5
12048 8172 8
3985 6257 24
26240 5494 30
25717 14425 37
8912 25330 22
11462 12599 7
4457 12599 9
13780 5090 19
2199 26309 18
21032 18973 21
3076 6704 26
1769 16720 18
12472 12516 32
18421 6440 28
13916 12091 32
5978 27342 17
3777 7563 19
24140 6090 22
6510 11696 11
9799 21727 16
4478 840 18
26332 28722 13
22372 19479 4
5589 22075 33
27586 14980 11
5077 6920 15
9294 25851 27
4149 23340 11
28389 17386 9
28440 11466 45
8063 25694 9
17516 8232 16
14820 23426 24
10687 10364 18
22212 15868 9
6410 3216 23
22572 7227 24
5565 9256 33
5468 14354 14
23743 26572 37
5979 6902 25
5803 14027 15
23522 13773 14
28166 11863 12
12921 12493 24
3443 16057 26
24037 2185 13
21118 10240 8
6844 3144 22
900 23255 36
18116 1149 34
15802 13092 24
8812 7536 13
6563 16968 14
13030 19124 20
17003 1000 7
9401 21102 27
13852 2413 25
9650 6300 18
8028 3500 11
17924 5832 27
18289 22218 22
5368 945 30
9872 14435 17
4101 22187 19
16545 22136 19
14277 6092 15
12382 12599 8
5010 7866 19
17943 6765 11
472 6090 23
1064 8426 27
11138 15512 36
1342 19318 30
13361 25608 21
2998 16186 12
27073 26063 17
17782 27213 17
20384 21219 26
964 6440 27
5722 3230 9
826 22900 23
10795 8177 22
7472 3270 16
26758 22860 53
9578 16683 24
6529 24976 16
25528 3976 21
10252 6090 22
19332 6563 16
4328 4285 25
18619 15324 41
19211 4948 42
26252 20536 46
6542 23755 49
1278 26572 44
7185 10503 19
7885 7918 23
14917 5745 23
8923 20737 13
12368 20802 33
28744 5076 15
20408 11964 48
15460 24763 23
20177 26363 16
23506 678 18
20608 17478 15
2778 17285 13
1727 21804 33
4584 8025 27
10186 761 25
11082 20934 45
9382 1953 25
10753 21069 13
252 27995 8
25829 5526 21
12191 17774 12
20980 11818 12
26995 3943 8
5967 21545 15
24915 5595 16
8343 27695 17
922 11911 25
7789 17521 18
19900 20735 17
8338 8061 14
11345 21178 16
23328 3576 19
19829 17766 34
9924 23119 22
21481 17825 18
12183 18877 17
10645 28740 34
20385 1384 10
1466 5803 18
4342 26899 26
25240 11479 15
1941 9743 34
9990 3394 14
16349 21347 55
129 13561 17
17972 19691 14
16992 15800 15
1566 6456 9
11497 20496 12
12915 6872 36
18374 11842 20
23905 2478 15
12279 22051 15
9908 26207 21
9909 11189 9
12877 2506 8
4288 21539 8
14799 11826 43
5029 12350 22
22960 16343 41
8517 19635 18
7306 24567 17
1960 4714 52
5483 28364 21
3502 10621 16
11243 22585 38
22604 24292 21
19415 9375 9
21466 4072 32
16690 25462 13
23464 8290 36
18090 28744 19
15218 5467 25
16401 21002 18
28138 7331 21
7909 5133 37
13627 20073 12
14196 26278 25
21076 7820 26
1658 9375 9
19559 15986 27
11843 573 15
3660 3178 8
11128 5236 23
410 21389 18
7081 26366 33
21178 6618 15
27755 4667 25
22290 2344 16
25021 4005 36
5254 20135 18
6551 14692 13
26373 19936 38
22380 11826 38
16696 8002 15
18110 8006 55
8443 5090 17
24058 28837 13
19769 14072 23
5779 26852 18
12644 24781 17
4868 24239 7
5022 14920 15
21092 15859 26
14125 8356 26
8638 27173 9
2050 3274 14
18156 945 27
5558 8400 38
6373 11502 9
17704 2104 34
16518 13285 24
7163 12029 51
28938 24567 14
15337 23881 29
24038 28999 0
58 25792 27
23005 3773 15
2185 24567 12
12671 7254 25
24237 23755 48
21242 8235 21
2712 24465 18
7408 8616 21
9521 5499 16
27954 13323 13
19976 20743 8
6369 12088 28
27342 8978 16
26092 14338 18
4532 18239 8
8464 21916 13
24505 16375 27
2177 574 24
6448 21552 17
1439 26648 37
5201 22654 21
17385 14482 30
24351 28150 31
25463 13829 17
27851 17138 8
19461 17425 26
9393 14048 33
26788 7194 29
17045 6298 14
9842 28770 10
21708 13474 16
27173 1315 7
5905 1260 8
884 736 49
10090 19215 18
14579 16696 18
22827 22261 13
17368 23119 17
27872 313 19
16692 16870 24
17301 26285 20
11801 5774 31
5902 176 14
8877 6078 26
24655 24700 9
3365 3511 12
420 19479 3
21085 8343 20
4243 4742 22
10445 17348 16
22724 26631 11
6947 12008 41
14415 25462 14
28853 20783 10
4063 23280 10
2759 5489 16
10891 9809 15
23148 26222 16
11473 16326 7
25624 26882 15
25769 28138 23
1384 14753 9
25846 22835 17
8762 1442 12
16822 27328 26
16981 5503 12
26699 8921 24
8051 13168 16
12324 15680 19
15876 2756 17
13298 14125 27
21203 8812 21
2293 26493 18
26827 12905 7
28646 7870 67
5311 10421 17
22859 9583 31
22111 6011 17
2630 3116 19
28944 20776 12
9761 14974 9
16868 10358 17
16744 6988 39
6000 11836 31
12427 11622 36
10923 24983 8
17499 15351 22
973 16579 14
17002 27886 35
22535 4993 31
24763 1660 21
18742 27908 35
24604 13210 14
7042 12117 18
26387 24732 16
25385 24886 16
11481 4182 17
17252 1141 9
20149 23340 25
15560 14879 17
3219 5967 18
1195 8110 16
631 25052 13
13773 11350 13
6814 5720 26
10702 28453 6
16200 2653 25
9595 27977 19
270 16782 31
10661 14890 12
4423 11189 14
11479 11533 14
7712 24781 16
13977 22859 39
21804 8077 31
26843 14609 30
6776 736 14
10550 16696 16
23009 18469 15
5169 24700 8
10035 13406 33
3298 27747 25
20730 16592 13
595 28549 7
11622 13899 35
12922 6197 10
9354 2846 35
6138 24033 5
9636 569 14
23820 8379 11
5177 8110 20
18822 27193 15
19906 826 24
8491 332 35
10643 28341 12
27371 27112 13
1856 24255 22
24280 420 4
5882 13374 17
18676 15043 13
15648 27788 9
2385 12905 14
21177 17220 7
5769 21815 58
5142 4425 16
19969 7196 21
176 192 13
5284 22051 13
10320 8881 26
18196 1128 10
6099 373 11
3483 21801 24
18543 13092 25
15616 3186 10
27019 22367 46
13721 19558 15
11605 10141 13
20957 20312 28
16063 3576 19
728 20815 12
25363 20784 10
5057 27373 9
20687 18784 16
624 573 18
25455 26995 9
17437 24333 17
20506 4805 27
18973 5468 17
17729 3159 12
5039 21226 47
28351 21644 35
8523 27788 9
3031 18676 23
17478 13405 14
2021 4425 25
14292 17343 37
24629 5368 34
11028 12400 33
16449 4900 21
25065 5368 31
6273 6872 29
4415 4037 15
13405 28429 13
12182 16334 23
14018 23315 19
17851 28872 29
27410 19455 14
24270 14196 31
15966 8970 19
5476 3487 17
20572 21178 29
13278 10415 16
27488 5902 16
705 27727 30
6177 705 38
15768 28648 24
25984 27108 19
10057 5647 31
17797 8232 17
6899 24038 8
19967 4561 42
17303 12761 15
9700 13785 13
28358 7980 25
24222 14694 15
5584 19660 10
3116 16137 18
25396 12354 10
26395 19728 33
14257 18587 33
12500 19057 6
3447 15560 18
4899 696 25
13119 2711 35
829 26352 5
12519 2672 16
15212 7626 19
12193 21022 8
1883 28962 31
8839 24875 37
17876 6618 29
17994 27188 39
1149 5494 33
26830 19538 61
21630 26493 28
12712 6510 17
18267 28652 22
27475 20284 30
11048 21389 15
13590 9566 11
11023 18746 22
17278 24600 24
10402 12500 8
14154 19615 19
9179 9284 10
17856 12761 14
6122 16701 9
28410 371 16
15509 23315 31
15543 8206 8
4459 23519 23
12521 6563 16
21235 1881 15
13285 4117 19
16075 3216 22
27604 9043 25
5926 7918 21
6872 24055 28
5966 24919 25
28608 14113 9
26098 24727 13
15792 18252 8
16592 19771 12
21136 4532 9
13211 20213 43
10538 12264 13
20728 705 33
25658 436 34
15014 4725 19
9182 22250 22
663 12759 39
14667 21020 12
938 11924 19
28776 13835 34
19402 14456 21
17111 28853 15
22493 4543 35
16506 14717 35
23413 7508 24
23036 14354 19
23015 8690 6
22957 1551 17
1596 10642 51
4433 4152 13
25154 7536 16
14835 1141 9
23854 12555 17
13002 8492 25
6298 7813 13
19510 21925 17
13406 7800 31
23354 19769 24
260 6194 38
13719 12812 17
2653 24428 23
26706 6433 19
489 4073 18
12006 24420 33
28988 22250 17
16983 678 13
25655 20573 32
10926 23827 22
9867 28273 64
22083 17672 30
14480 4667 31
24132 25862 50
24764 14072 23
11466 9252 37
22263 10307 16
18999 11189 23
12240 8061 14
24716 15792 27
7889 18465 27
10421 8002 16
17391 6410 25
16757 11604 21
25792 28648 26
25083 26938 6
28685 16935 13
6853 22261 17
10554 351 28
10999 15252 18
13692 27695 16
22992 17586 16
26063 178 11
776 18624 16
9833 10784 13
9063 15593 9
1366 15088 29
3377 27373 9
19892 6063 18
19099 19691 18
11826 26572 34
19318 23729 29
4711 15171 22
22060 8073 13
14428 19944 23
23964 8172 7
14338 2870 16
27728 8323 14
9026 23749 16
16930 25334 21
6816 20516 23
16936 6563 15
11796 5857 25
2286 20624 29
7488 24037 15
14703 5778 9
21762 16176 12
5037 18239 8
2082 16720 17
2643 16645 18
11829 25418 36
12264 7813 12
18715 27588 25
17989 5597 27
12413 1335 16
16048 7359 21
21212 12469 22
12214 6920 6
9047 24280 17
28960 26161 56
22541 16622 17
25532 23005 16
12290 13926 38
10591 8098 17
28948 6653 19
12018 25211 16
6936 3377 10
27458 13146 16
19982 11613 27
23897 12214 16
2197 21478 23
3257 12697 32
1804 14899 15
5664 27211 18
26310 420 12
11189 9499 8
4764 15509 39
24238 477 30
19635 3773 16
28128 24397 30
23807 4632 30
27170 22442 17
4337 15724 16
15150 17478 18
15583 14428 24
10194 21046 16
16338 3984 19
26219 21587 24
15426 13503 10
26231 3691 7
12086 20743 13
22450 11773 32
6978 17363 25
6639 16701 10
296 11401 29
28452 24051 15
23431 8290 39
22662 22851 18
26366 23315 28
1021 14075 40
9052 8028 15
8215 11540 13
22046 10891 17
28531 1881 15
19781 21082 17
10072 3717 18
21727 2998 14
18923 19635 19
15447 6896 22
2934 19057 7
193 27488 18
7267 26869 34
18113 11690 7
12073 2747 23
14911 17113 13
13513 4121 20
23192 8290 37
8267 7102 17
28908 25462 17
5749 10450 20
25967 21475 49
26679 16983 15
9357 3773 16
20423 573 17
13404 26385 12
4950 16622 13
26754 776 26
25383 3159 13
20120 17016 52
6215 22745 13
24096 24499 21
15507 26161 44
1701 24280 7
12711 3472 10
1424 1658 11
28767 5803 21
8669 5900 16
4456 4347 29
19777 15551 25
4721 17363 27
15986 21859 25
4385 5803 19
26960 8738 18
17905 24255 20
18389 17560 22
24333 19558 13
28014 11606 13
18040 25442 20
18765 21102 26
27886 2190 33
6628 2712 20
351 2608 14
11988 25256 11
5358 1881 18
9331 19841 20
161 19917 19
26944 8877 30
11163 8235 22
8681 15323 21
24666 17764 17
19986 10702 15
6789 25916 13
13751 6618 15
573 5192 14
4097 161 25
2672 6563 15
25360 25388 13
20936 11889 18
25975 26278 25
10533 8523 19
21211 21630 29
21174 24983 8
24144 19089 41
10559 10643 15
3467 23206 16
16381 13171 17
23264 26227 41
15555 577 10
19759 1294 22
9362 3365 15
15272 5967 25
11861 12245 40
5270 22704 16
7730 2082 19
14692 12294 11
28651 4628 33
17363 19769 24
3654 4176 17
27955 23682 16
27695 8063 14
16543 11870 17
1844 17305 17
1442 23280 10
8771 21022 25
8966 22673 13
18247 15687 16
12094 3077 6
6724 826 25
9912 24021 18
14463 3725 16
25190 26292 22
14498 8496 19
8538 17494 39
26951 14917 38
15723 16324 58
334 15568 16
16534 16157 13
27873 26210 18
26384 5526 16
16274 28712 17
14773 26990 26
5292 8672 30
5047 3908 35
17025 19535 44
16129 4535 21
25425 13171 17
4235 15924 14
12917 826 26
23816 9323 12
21871 15602 16
8198 20665 19
21224 14324 12
25976 1290 12
23683 28537 22
11747 8496 20
20686 26289 23
7670 20573 46
12974 5722 20
21389 14050 12
14117 4423 16
11613 22699 15
14285 588 15
8542 25297 33
23072 27373 9
28120 1442 16
640 16983 14
2359 21908 17
15755 22299 17
1837 4692 21
18455 28190 11
17939 19415 18
27924 14027 16
3977 3913 38
16645 19022 16
21082 8748 15
14445 17349 11
6433 25999 11
18958 19232 19
25618 15551 28
9566 23280 10
28420 21042 13
19339 2549 13
26242 26903 17
16038 20572 31
3984 12018 17
9420 26278 25
11034 1328 35
28814 24934 31
2679 2672 16
25450 21102 33
2941 14759 36
14333 22942 27
21324 2492 10
27626 1962 21
16098 1328 34
25526 24876 26
1000 22229 6
26869 21211 30
11300 23143 16
27373 3943 8
662 4008 16
24239 15561 6
28067 21369 36
13672 12555 15
23162 176 14
16163 1506 12
28999 28999 -1
13611 19364 33
19124 8232 11
16683 8235 17
7802 13171 16
21523 8196 21
3061 16096 9
15104 20065 35
18451 8028 19
20793 3559 8
17810 815 32
18614 20987 31
26150 27227 12
23698 16210 9
10219 28270 31
13011 25991 41
12008 12290 39
25262 5205 15
14188 19721 18
4145 10538 14
6159 24649 44
3861 18318 26
1348 21507 22
1553 28999 2
4654 8855 39
11484 2360 17
23462 28759 29
23519 11189 22
3511 19415 11
19232 6298 16
8492 27563 20
24781 28497 13
20735 192 14
8718 11034 56
13717 15825 16
5864 7568 51
23941 25694 6
16003 20472 25
26631 19415 10
17825 23280 11
21101 15120 15
26428 12135 11
17964 5468 15
11130 9375 9
24805 3943 10
2212 28034 94
373 1315 7
3927 16223 7
7984 25601 9
7735 4261 14
28096 19900 21
14197 16696 17
26207 21022 18
4261 13323 13
9600 11030 28
6883 3103 10
28069 15687 19
12126 24631 38
5484 28669 23
4106 10923 9
8663 2209 23
11968 11 9
8871 23354 26
11044 22699 14
20435 24062 8
16175 3526 9
21096 12771 21
20941 7488 16
3972 6043 21
13281 21304 11
8309 8232 18
24472 13920 17
3385 6618 26
10117 8077 31
28612 5665 13
16176 19415 11
11773 21502 28
14224 2877 18
4960 17774 12
419 19635 18
4742 7058 15
3224 663 40
22628 21727 17
27771 13503 12
17341 6920 7
6996 23710 16
4773 14890 15
5435 20065 43
27141 22051 9
18821 10621 19
6507 28608 11
24543 12743 19
2946 22483 28
4805 10795 23
26192 1822 11
3829 22051 9
25604 9357 19
8643 26385 8
4548 4117 17
26901 2300 80
23266 17531 18
21409 2224 9
24731 27708 11
27281 21079 39
16821 3040 17
25635 24795 19
16664 1962 5
16495 829 6
11803 18451 25
29 19986 17
13926 21369 37
15034 25155 11
20312 11053 27
11385 25624 17
24465 24199 17
26852 11988 12
26863 14403 19
19477 26161 37
1929 13124 22
14113 23015 7
7694 17348 18
1782 16720 22
27217 17125 28
20931 23729 29
8188 26398 12
15120 13210 12
27889 1384 24
8910 17478 15
24377 21157 21
13899 10117 32
6908 9877 20
15323 14435 15
25585 18877 21
19535 945 25
5341 22442 17
21832 16057 37
8077 14773 27
12349 21590 15
3464 21964 7
18088 24086 82
3307 7918 17
15465 12151 41
11540 10141 12
4360 19906 25
22879 17368 21
8312 22995 49
5834 22568 20
27193 11335 14
12533 3200 34
4945 13417 18
24199 6657 16
7765 13045 27
28778 2759 17
14249 13665 17
11662 7066 32
7221 3375 49
18606 24764 26
13942 10634 16
6752 13835 45
2906 17708 10
1683 11988 12
14707 1743 23
13247 21369 57
5509 18003 15
25748 8779 10
10802 18183 32
20525 21369 40
24558 26788 32
21195 20435 9
4826 27303 34
5570 1520 18
18089 19693 15
13397 1776 21
12486 20725 22
13133 27217 30
477 23729 26
23887 13926 53
17348 22141 15
24905 25155 11
13395 25830 18
18724 17055 36
26081 16664 8
6667 5964 33
20934 7270 36
15561 28999 3
14499 14445 14
26407 27488 34
17345 26922 16
17357 22229 19
23925 15768 26
6293 477 27
27808 10128 17
18206 23882 13
5003 10715 19
17823 10339 11
17563 9908 22
22568 28341 18
18674 8690 8
7759 5092 8
24356 7820 28
18537 4957 16
8900 22646 50
26398 25256 11
14190 27468 25
11811 8063 14
6007 9779 18
18215 3470 4
8110 18561 15
2641 18977 28
9031 11138 37
8780 39 7
3576 2209 16
26450 420 7
6092 4957 12
1445 24033 7
16701 19479 5
12294 24400 10
2178 24397 30
18534 5558 59
25134 3559 6
16593 7361 26
13188 7885 25
20946 5829 9
7074 24283 18
14587 1332 12
10368 21916 17
8166 15440 10
18379 1424 12
2683 7800 29
28465 26843 31
21478 21066 20
10176 23729 34
23059 176 14
19075 24516 17
20544 373 9
17390 12599 9
20117 3394 15
23809 27516 15
27806 25196 41
3854 25341 12
17884 15025 21
25211 6657 15
27413 25437 17
25030 16617 21
6896 11497 16
21864 420 7
11076 20737 15
20907 7162 31
10700 3216 21
646 23234 22
2644 16048 22
25249 14496 10
3910 2594 23
11078 24558 33
20859 27077 34
2478 25999 12
7994 20715 11
14043 25462 12
22339 17220 15
8565 9496 17
21399 14188 20
2788 24567 14
24178 18374 23
21911 12595 20
7361 23827 22
15088 5311 18
333 4900 21
25968 10702 7
3092 2906 11
19241 3470 4
9329 11385 18
26301 1315 8
10021 13993 19
22306 12117 18
11057 26161 29
27751 5484 28
28985 19906 25
2598 21389 23
937 19845 80
7099 2082 24
18741 16427 30
27461 7735 17
26931 5435 49
761 23206 17
10743 1354 51
15513 20672 18
12070 5647 24
25632 17494 38
27079 13182 9
17285 8073 12
17737 6197 10
883 17905 24
55 12599 8
15868 21277 8
14943 6109 39
20036 15816 15
23840 9487 8
2471 9362 23
14974 25694 8
7649 26559 33
7083 2031 9
17556 16691 15
3619 17823 14
22032 13162 50
4957 1701 10
22271 3868 10
15989 23040 14
23772 22263 19
21787 28307 21
12838 17395 11
11785 17563 23
24976 975 14
25384 25953 21
23982 18537 17
28033 10252 23
5146 20790 17
3508 15583 26
8364 25804 18
11966 21282 24
20172 761 20
22070 3526 12
9387 27076 31
17079 28189 44
14422 12586 23
16859 24086 81
10299 420 7
3103 39 7
3161 16194 21
5537 4239 12
27348 11892 11
27622 9533 18
27937 19841 20
8486 22654 19
3906 14285 16
16974 26352 5
6489 7994 13
21369 8672 35
28984 14027 11
16681 23427 19
881 15497 30
5522 12193 24
4707 28515 19
18977 4335 26
13973 14938 13
26572 25596 30
22583 5634 10
4552 8345 17
26601 15680 17
17033 26242 20
1354 21475 50
17920 23210 30
10413 25580 44
12493 5902 18
11809 16175 10
8247 7992 18
28727 6138 7
20135 28524 14
3846 23005 16
22452 3454 35
19373 10906 17
13581 12808 8
1031 17774 13
3474 22359 20
5326 7447 22
460 16979 19
8092 4163 30
12124 8343 20
3451 15085 10
3156 21916 6
12453 13926 55
27568 25551 58
10717 23941 12
1233 16210 9
16869 12238 34
3848 15119 33
22823 19721 18
8556 28109 18
28566 10810 19
4900 6869 15
23191 9983 19
24171 17085 19
27430 6170 30
19224 7439 15
15180 12787 9
14227 23851 48
16827 12370 16
11514 20499 14
22940 19500 16
9168 20725 19
15239 21507 19
13562 20790 18
26385 3851 7
25797 26231 8
27512 3887 20
11035 964 30
4693 11388 13
10341 12193 13
2376 3987 20
24876 826 24
6090 6545 20
12876 5100 17
28852 25227 32
6943 28429 8
20648 22493 42
13900 14672 25
22902 25862 48
22436 3421 12
27577 5746 19
3274 3421 11
11632 17125 28
12200 24377 23
23368 21864 10
24795 1126 18
9438 4532 19
608 22703 11
8349 27348 13
24568 13405 14
2675 20698 17
1126 28410 17
18232 28601 21
1510 14899 17
8691 2337 10
7669 1191 18
25341 6943 9
9451 18624 16
254 12008 40
10268 17443 28
985 12215 38
2790 17273 11
26406 6215 14
19279 1782 23
8837 3365 14
6456 27709 8
12551 21644 36
7127 18075 19
2671 25887 13
7406 25256 11
10465 1769 24
26994 14690 9
16482 19001 25
12504 6966 19
21723 24199 17
28502 9833 17
5061 15706 14
27747 14456 20
7090 5192 13
27433 19906 25
18836 11514 15
25366 10067 15
26512 23692 40
13504 25947 23
10030 24843 14
27056 17267 23
15527 12378 23
15002 6090 24
17399 3908 27
25915 26725 13
21412 1962 11
13819 15204 44
22670 4117 15
21741 21815 63
4628 4543 32
13817 7227 33
18573 22703 11
3313 25797 13
15324 21489 27
26389 25694 12
26133 1962 5
12444 3573 7
18493 4774 20
21964 12957 6
421 573 17
3679 13851 9
19215 12018 17
4924 9997 42
13394 21346 7
8185 420 6
24516 14027 16
25204 10550 17
3943 420 6
24146 8290 40
39 2224 6
6004 826 24
25486 25215 20
13646 21916 11
3264 27390 31
5693 2788 15
15994 11006 18
14475 25655 34
7615 24199 17
22785 10682 23
1728 4900 16
1241 15560 21
12247 11168 10
18202 9122 15
21179 10549 27
28647 26607 19
15448 9325 35
20503 6510 18
21716 6732 23
24817 11388 17
13957 16579 19
14704 17494 39
904 1384 12
6839 13926 51
14296 20624 40
3142 9566 11
5399 7270 28
21517 15806 20
9226 22331 7
9419 27526 20
11419 11397 20
12432 2471 27
26285 18561 15
28543 21102 27
25499 8542 34
17315 16324 26
16912 5633 19
28482 25286 47
16648 15451 13
22860 24237 51
2888 26450 14
21644 4854 33
19621 28190 11
22077 25735 18
2336 21916 15
248 6529 41
7051 15873 38
18718 16182 47
22477 26192 12
2699 24783 17
6339 11479 17
17718 18624 16
563 7965 19
12556 22321 18
25948 6197 12
19728 1647 32
11006 192 13
10240 10702 7
28830 13938 20
10671 12499 12
22905 18765 28
25652 26573 18
1435 431 50
16935 23015 8
5331 3591 41
27214 24033 5
27303 3061 12
24591 22250 18
21507 24567 15
5470 8616 28
16510 7802 18
8421 25254 6
25886 18215 7
431 3434 40
13284 18487 19
20737 28341 12
13584 24296 27
4848 3846 17
4738 21082 20
10356 8690 20
3394 21224 13
3908 20516 22
5145 14703 12
10203 14227 52
10678 6293 31
17732 1883 33
8787 1786 16
5551 8565 27
2779 24090 17
28712 7090 14
17708 22090 8
26966 650 37
23585 26292 21
18713 3307 35
25442 11870 14
19033 16069 43
21500 5316 25
1520 13493 17
26074 21274 23
4706 3366 38
19436 12030 10
18791 420 6
16057 5647 24
21682 16381 19
15914 28450 35
13938 18016 17
9959 24600 22
16615 1171 15
2656 12378 18
7748 10209 13
10904 1962 16
15171 8002 16
15458 22406 15
11429 25418 37
4824 8063 15
26549 12571 26
10422 11848 36
15935 3200 45
4151 13493 18
14609 9401 28
3687 6433 14
12595 6063 18
19164 13171 21
15806 12716 18
2213 28639 18
28493 7401 41
15353 13956 26
9779 18652 16
3692 23360 36
11581 22932 34
2768 19777 31
28623 28712 15
7162 3773 17
1243 19930 36
18272 25134 10
17774 19415 10
13920 16936 16
28190 19415 10
5644 24629 49
7482 7475 11
12737 8780 15
16121 8215 15
9046 7616 18
17522 11335 14
19930 17719 32
27554 19976 10
24085 28862 13
24735 403 18
11857 9809 17
7571 11809 13
4692 15408 13
22367 25418 43
16445 16795 37
26920 5236 23
20494 15417 30
5510 9338 22
24403 28341 20
14562 8356 28
11029 20177 19
13894 5746 17
16139 8935 28
1141 12599 8
307 5414 33
19807 1939 12
23797 15616 11
9646 9126 29
22403 23077 16
6559 15680 19
8346 2383 26
1796 21224 14
10943 14456 47
10555 26788 30
19502 15724 16
28563 8063 14
20497 25085 24
14100 16375 24
21742 15088 19
10525 23710 17
1183 15263 35
7438 11338 24
4558 17618 24
17769 18292 11
21277 20790 7
26368 27697 26
16151 1883 47
28639 19691 15
3710 22900 29
24256 2598 45
6358 28450 40
27898 21275 26
2132 22141 15
487 13894 21
26918 13533 21
3454 20284 33
10086 10687 19
27390 18262 16
3430 16825 11
28347 13138 13
23985 6286 33
10140 22406 20
28353 2637 16
7475 19415 10
21186 6872 29
13330 6416 33
11642 20157 16
13738 12823 17
21666 16389 11
20336 16163 17
15178 24879 11
8973 18659 19
16889 23797 13
1335 20730 15
3898 2300 85
27194 9875 19
23223 18049 34
1894 6000 35
21473 18718 48
8779 11462 9
16210 27709 8
20860 16935 9
17293 12599 6
4709 27328 25
14470 4360 26
14130 12413 21
18800 420 7
17189 24238 31
436 27076 31
12702 15961 13
26125 2333 28
6545 21587 19
8610 11044 16
26102 2594 16
14959 20385 12
5082 24735 25
3516 24070 20
13347 23206 16
17273 11580 10
27381 2478 13
10015 10073 10
20868 4239 7
15680 28341 15
23102 6516 25
12057 12174 25
4720 15454 15
25601 25083 8
8662 1021 56
13801 11059 20
6197 9375 9
16047 3454 35
9886 28549 16
28723 26564 22
11348 2753 23
11086 16930 26
23206 7090 15
21678 253 12
3539 6529 33
6184 11829 37
3778 27554 16
13340 13973 24
16452 26899 26
10744 23710 23
1254 22705 21
24428 21762 18
9325 5292 31
15119 6988 28
11709 9738 27
23814 10415 15
3292 24314 25
15650 4285 22
4834 12354 11
6194 17445 19
5090 20730 15
5940 4692 14
730 28985 30
19924 14945 27
23811 13323 14
24244 14415 22
11349 1349 43
16502 7370 32
9649 8185 7
8593 24226 22
12999 8051 17
17710 26995 10
20133 1794 28
1753 3923 22
7820 28711 25
118 10555 39
9066 18016 18
24983 20790 7
13168 8748 15
24760 20648 52
7599 12764 23
22589 8006 46
6112 13406 34
17396 9520 16
3040 16690 14
27465 11462 8
9862 21219 18
4121 973 19
13212 27227 12
21925 192 14
15664 21389 21
15745 1123 15
27809 26161 31
8881 2672 25
7905 21412 12
18422 11540 16
20499 21389 13
8736 17618 25
23470 28827 27
464 27788 7
10950 826 25
20665 2778 14
24292 2685 12
9441 3467 17
18726 3434 40
8073 13078 11
21815 6839 55
17135 9455 14
15706 25694 9
26281 22219 56
1248 7502 41
13045 3908 24
5033 15593 15
331 10186 26
3472 21118 9
23118 2934 40
4032 27141 11
5180 26909 30
8019 27563 17
13740 12553 16
12118 1355 17
26800 26662 53
2491 25887 13
19058 8426 47
17513 2286 30
13967 23522 15
5076 7102 14
25036 10440 35
468 19277 25
5469 23021 16
21620 19693 15
26983 25623 33
25694 24038 4
23365 27394 27
20319 9566 14
2234 573 16
1964 15560 18
2548 22225 23
4420 20622 26
11736 16137 16
27401 2413 18
3140 4063 12
16396 3508 39
11990 4018 26
21281 24038 16
22051 3943 8
4935 19125 9
238 18465 27
13286 26161 55
8232 6197 10
22081 28244 19
12957 22372 5
24875 12091 34
22807 12518 19
8629 1442 12
3117 12001 20
12237 9487 12
3347 19125 9
12697 8666 25
14435 5192 12
25804 15617 17
24443 5978 19
27908 20573 32
27404 7359 22
19057 420 4
1822 5182 10
6208 27097 18
99 9345 19
6798 8172 8
3916 15745 16
889 21783 28
10408 23820 12
19071 24876 25
19840 14690 9
5620 16994 12
18205 21006 18
6714 192 13
22255 28873 23
25286 8250 45
18702 21481 27
17425 11189 17
27675 10421 23
3542 26096 24
6642 16645 18
1002 8196 24
14777 221 18
15992 27809 39
20847 22720 8
7577 11632 31
20784 3156 8
11690 829 6
6998 21715 29
12601 28623 18
17055 26572 34
7015 2123 11
16326 25254 6
28825 26278 26
3867 15426 13
4429 16795 34
25570 26899 29
16046 14682 16
7183 16702 9
6481 27954 15
12977 17708 11
9598 7370 35
25873 26219 61
14330 19124 16
26145 19258 23
14743 17108 14
24741 23398 19
10931 176 14
12516 21928 31
26961 6899 15
28549 24033 5
13851 8780 8
11149 1000 13
28740 13354 25
6169 10988 12
25210 27410 19
1057 15178 13
1637 421 21
13158 4230 20
15117 6159 57
17318 28699 18
3734 12117 19
7447 4900 20
25907 10067 14
21452 17363 26
8748 4957 13
19130 13658 17
9044 28744 18
8992 10427 24
7717 6872 29
22438 9987 30
3827 6872 29
24200 6818 50
8400 14257 36
19258 28526 18
24217 28563 17
1083 99 23
11788 2209 12
14893 6000 34
26839 12324 20
9548 13751 24
9788 6997 18
9916 17521 16
4718 3559 6
11072 24567 12
15270 18738 18
4376 15417 29
9211 21222 14
975 15043 13
8323 19125 9
20516 4857 21
27697 17618 25
15340 22435 9
14326 11863 12
3058 4742 16
20905 15239 31
22693 20098 19
28868 15085 9
28669 13323 22
10491 15602 15
19101 21920 57
6611 27809 39
9754 13124 24
10124 12018 28
9935 373 17
2518 12957 18
13761 4709 27
15766 1164 18
12518 14086 15
21116 20725 12
11556 25665 46
26921 8652 20
8134 419 19
3890 19022 17
14657 15085 8
27703 3282 11
2242 22081 20
11892 577 9
8254 18469 15
13517 8748 23
14843 26658 10
27097 10559 16
11060 7090 18
27588 934 21
22042 6724 30
17305 17478 16
7555 6078 23
28841 3028 22
21010 12094 13
23906 20762 11
8789 22892 38
13014 19259 22
13993 16645 18
9389 21475 55
26688 21389 16
12537 18800 22
26205 15927 22
6505 17905 28
11614 21723 25
9479 18206 14
27001 27404 37
11306 27097 18
26305 13835 47
26464 28712 24
9269 11130 11
9881 3202 10
3048 8910 20
7018 23966 25
25209 28728 17
18166 28515 18
17272 900 37
13470 15646 9
27534 26450 8
26588 15353 41
10778 19124 21
25617 8063 15
27673 14435 16
13482 10067 17
24372 6493 23
305 23828 9
11760 24085 15
4816 8323 17
23472 16354 42
21866 16096 11
5277 4476 27
27039 11502 10
26903 371 16
5771 20624 32
21135 25437 17
10395 7066 24
19399 24847 10
26295 14224 19
16117 13374 19
12807 1922 14
27108 5978 18
14354 2185 13
6716 25882 29
683 13323 24
7401 15512 39
6234 421 19
1171 28513 14
23651 3142 12
15376 10827 26
8894 28727 8
9952 19900 20
11863 15646 11
20672 13920 17
24927 1554 23
24838 12743 21
1948 26384 21
23643 7083 10
2091 9833 15
24845 28526 17
6209 12599 8
21221 4805 30
22118 7501 23
6666 8402 27
24090 10621 15
2383 8910 17
19925 12453 62
7275 9499 10
18474 11006 15
20987 26559 30
8037 21925 16
16923 28963 19
24985 25907 16
4535 8215 14
16994 12135 11
2727 7900 17
11666 8177 23
23834 4857 20
1332 23280 10
1750 2703 34
7194 1271 25
11225 11613 16
13006 16821 19
3856 26920 25
12029 22493 49
18530 3500 18
3541 10383 13
23593 9420 29
8970 15800 14
12378 3846 17
6843 4415 17
8429 28872 27
14945 14428 24
9570 14196 26
25962 23964 8
8452 9858 13
13029 11006 14
10929 12382 11
16617 1309 19
21431 12771 25
27587 24199 18
956 20608 16
27797 27173 8
5458 20497 29
8684 2608 7
15085 12808 7
21382 1156 9
26148 15257 19
9122 24280 7
6653 9533 17
14042 25623 35
26196 24038 9
22411 5305 23
25052 3077 7
21552 24976 15
14695 23851 46
13608 12568 15
21223 18972 18
10535 18884 11
1078 16047 36
15783 2104 33
12010 27371 16
9499 3202 7
3675 15002 25
5206 1658 11
5954 18999 27
24086 21473 57
8678 7720 49
25615 7960 14
18881 17193 32
16123 3434 41
3016 2771 17
28524 22745 13
5829 16702 8
13427 6298 14
26087 14021 10
4975 11817 19
3405 21042 9
3770 4266 26
17734 964 32
18304 21864 9
25082 5497 10
21675 1003 18
14195 17395 11
11999 7374 19
4855 10538 19
26922 23643 11
15425 21545 15
22129 14320 27
13182 1315 7
22654 26384 17
26421 2282 25
10627 10067 21
17583 10079 16
8074 28410 17
13548 3837 9
19863 12247 11
9968 6789 19
15099 13899 33
24353 5192 18
26579 24876 27
26573 4415 16
10456 8166 12
3635 27173 16
27368 19005 23
14447 5779 34
15204 7574 43
3684 4721 30
12481 7138 18
28882 19258 20
2415 3829 10
11337 6529 43
4292 5967 16
28515 21908 17
18864 18977 27
10528 5169 10
13060 1000 9
4120 6138 6
15858 21473 55
6627 6592 28
7425 13374 20
23609 27108 22
24785 7918 21
14886 28981 12
24806 16515 18
20124 11006 14
6416 2282 31
332 5368 31
8980 13427 15
26060 25611 53
12215 15408 15
26612 3773 17
28832 18422 23
23914 10141 14
17041 23354 29
18873 11030 25
7502 23796 24
11963 8166 11
1922 8232 11
15901 18624 16
19125 14113 8
22359 18784 16
1022 10299 8
501 588 23
10364 25976 17
14253 7866 19
22094 28372 28
16179 25748 15
20743 3470 7
8680 16075 23
950 26533 26
18917 23866 28
14859 15173 12
23322 24876 27
6600 25190 24
2337 4532 9
7060 22823 19
12135 18800 8
26371 10041 30
4680 6215 14
21059 13590 12
18979 8232 11
1170 12518 17
20815 17235 10
25701 2978 28
7330 16795 35
24637 16622 11
11969 25966 24
4609 27563 17
23342 7965 16
19693 4261 14
12899 1064 30
20489 23340 11
13124 18746 21
28806 9877 19
13850 28869 22
14841 6159 48
736 24567 13
3716 17342 25
1148 4721 29
25472 11057 45
22225 7013 18
22892 17363 26
24783 17449 15
24385 18113 8
12801 14899 16
15057 26352 8
23796 17119 15
23291 21369 40
13417 9136 17
6552 8356 26
26574 18000 14
21645 7359 23
19338 25418 38
11482 2359 19
15487 11029 25
19598 14249 18
13792 26901 86
8148 24600 19
5633 15978 16
2081 2746 28
12633 23005 18
23383 21964 9
28699 27199 10
2551 6657 17
4073 20611 17
23099 13323 14
25156 23585 28
7974 13405 26
4117 27954 14
28654 26493 29
25692 8738 19
5982 16176 13
13370 23265 12
20611 8978 16
14029 10427 24
10563 7162 23
28672 3159 11
718 11604 28
7832 21102 27
24825 2344 17
20065 4254 31
6533 8923 14
8568 10117 32
25418 25975 27
2413 27766 14
26197 17494 38
20136 22229 6
28189 3434 36
8644 17449 22
26526 4985 18
10440 20516 26
17231 11540 13
349 7292 13
7663 24731 17
20027 23816 21
7370 27890 25
20716 18973 18
7486 23828 9
2324 6234 32
28567 19660 8
7672 4360 26
23154 705 33
1754 2328 14
21585 15408 20
27006 4397 31
19578 28997 16
15351 15257 19
26350 4037 16
6733 16046 18
2160 2121 17
22913 12867 16
26990 945 25
23828 21277 8
14995 22703 11
4563 12400 32
17690 1877 18
1202 14320 27
8956 16968 16
4875 12091 33
15456 22296 23
1632 9122 8
369 13374 17
16283 17570 7
2685 373 10
13410 10926 23
7854 13200 19
15646 183 8
28837 10141 12
4725 2980 15
16390 1786 11
11822 14113 8
1191 5909 17
5198 25254 7
23682 15043 14
15670 12413 21
9343 8343 18
2203 10299 10
16715 21006 31
25824 17220 24
25752 16123 52
8311 4985 17
9664 2180 23
28453 19479 4
26391 25442 15
6876 28827 23
7626 1939 8
24994 17782 20
28797 4226 66
22340 26098 16
11031 28144 35
192 11189 12
178 21916 7
11182 21102 28
17443 10621 18
3725 8812 15
22288 18624 26
23999 15816 16
15141 15014 46
26442 2934 8
23031 24689 18
5995 11057 53
23865 12521 18
25045 5092 8
10167 21715 37
22867 6092 16
9550 14694 16
23265 23280 10
21545 16968 14
25891 6043 11
11926 24764 24
2798 9376 22
17673 7832 32
22379 26612 21
11550 11580 11
12673 15616 12
18465 13643 26
21006 14753 10
19246 9420 34
7727 20406 16
10423 21096 72
9251 16885 20
10715 28712 18
17449 18676 14
20002 22299 22
810 25999 21
4072 17989 28
5338 13470 10
7418 8449 48
9198 28884 27
10415 975 14
6236 26295 26
14690 19057 6
11156 8812 15
15388 975 16
16143 9376 22
26399 24919 20
3883 23315 32
19364 26384 18
28214 21620 24
28648 23834 23
15932 27210 17
1395 23957 13
28310 14227 59
16733 3077 6
5422 3866 17
3997 14694 15
25334 14142 18
6404 4680 17
1551 15543 9
17992 1696 13
19004 26450 8
13385 7813 12
20156 23192 46
20247 15426 12
4684 11023 24
15584 22424 15
28844 13521 20
12828 19693 16
28467 24033 9
14628 26995 10
14693 683 33
13829 10697 16
27357 26395 35
27096 4347 30
12238 8177 21
5964 17999 32
4475 27936 26
23039 1003 19
23240 17672 28
11325 24040 38
727 8931 25
22831 11384 25
13636 24568 15
1997 7436 25
8883 11889 19
16340 4425 17
5832 3216 23
3000 28948 20
27031 20408 50
12248 22435 9
14728 5010 37
16304 4682 21
28411 14943 52
7227 26087 11
9126 26627 23
21046 6092 15
2756 24805 12
19696 26278 26
6994 3829 13
21999 10072 19
18189 2594 25
15575 26493 18
3197 3906 30
10218 5398 11
13681 1332 12
10358 13323 14
14920 4261 14
14709 4739 35
15857 22051 20
7747 13835 47
20573 16795 31
2573 12158 24
18759 22255 32
22150 19558 13
22646 11964 47
24991 18963 35
26340 13124 23
14952 7578 33
19569 6620 17
27709 23015 7
22513 7553 18
23541 22435 11
19616 27808 18
19312 10480 38
4018 6816 25
28114 5940 18
26766 21389 16
6761 12922 12
11362 8232 16
15440 11 9
10925 4235 17
18823 27727 38
3390 27433 36
328 15522 13
24283 9136 17
19054 5134 12
14634 14628 14
902 8110 16
8206 4120 7
16474 27788 15
17764 11605 14
15522 26998 10
9620 22116 6
26662 2282 47
23315 25617 17
15531 26612 50
10529 4063 11
5444 3282 11
26403 14086 18
16697 24864 37
13355 17033 21
1410 16864 17
22133 17344 20
2261 27831 32
20718 9226 9
19843 22261 15
12781 17386 10
15873 22781 29
28341 14753 9
13571 26909 48
12969 178 10
17334 3295 14
12988 25256 12
21859 6078 24
894 6296 17
28223 16186 13
28728 7439 15
1463 2107 19
26498 11130 11
6039 6090 22
18070 21224 13
21485 25009 17
11950 23485 43
16622 1962 4
7501 26607 22
25936 28038 12
10549 27656 18
9028 11098 22
16443 12808 7
20037 5305 23
6820 6215 15
18203 8346 31
3202 28549 6
12467 9652 16
20243 14974 15
17603 28410 19
17407 24333 14
18029 20076 10
15568 13427 15
24617 20790 12
7193 8412 21
4102 12905 6
23094 8077 30
1228 11870 16
21282 6404 19
22329 22646 49
22742 25154 17
27442 11189 14
23427 3202 11
8555 3659 23
14021 16622 8
18816 11189 15
22033 16936 18
17815 15512 36
19625 2031 10
9310 12595 21
17848 20573 36
28296 23431 57
8270 5039 54
9793 21466 34
26909 18465 29
10478 11497 17
12218 2672 16
223 19232 18
14505 28483 39
2746 8479 26
22164 13973 28
14479 15218 30
5745 9345 19
25043 12311 31
15978 7381 14
16699 28429 11
14985 15119 30
28483 13544 19
22009 7889 53
16579 1632 12
6271 830 57
3513 11473 14
2398 10906 21
6478 3202 11
13078 9455 10
24054 22912 28
28561 16936 17
14749 19332 17
16322 1696 13
142 5163 21
3902 24763 23
15257 23795 15
9284 10240 8
27013 6109 43
18886 4288 9
11089 15732 17
16573 28034 94
4134 21054 10
7463 19558 13
8925 6287 26
6657 13171 14
2606 5092 9
6526 2491 15
11848 10035 35
4907 20065 33
24593 13773 14
1159 25385 18
8379 1156 9
4749 11648 26
21181 8290 37
18183 2282 26
2594 10067 14
17267 6618 15
4704 26305 56
17531 27955 17
17085 5940 15
3773 13171 14
764 4037 21
8479 28827 23
22699 11350 13
27328 22118 24
7870 28671 41
15638 18964 16
15151 11533 14
8760 16186 13
6734 28744 20
23763 17764 25
24040 23094 35
5025 28450 34
5778 15411 7
9097 22090 9
16223 24280 6
485 13503 11
4883 13323 22
26048 28310 98
19691 19054 13
26210 20036 16
7866 28341 17
22221 26242 18
22868 3264 32
24441 5358 28
18025 5134 14
1010 6416 42
3702 23162 16
8402 19944 22
15521 12889 18
4041 8456 8
17829 18624 15
7359 13485 20
26365 15986 26
7563 5454 18
18675 28623 29
4739 1883 34
19953 10240 8
23889 13493 25
13197 9886 24
4771 624 19
10147 8235 18
21066 23795 15
5409 3421 12
11606 14843 12
14752 7626 19
19177 40 23
7964 13355 25
10597 16186 13
24491 25368 47
24420 4601 17
25230 7889 30
15227 431 47
5493 18205 20
3868 24033 8
15884 1031 17
14329 6896 18
26161 7876 28
5506 27727 26
20877 14455 13
27792 12293 16
14437 15376 30
4714 18612 46
25289 9165 15
12185 21082 21
15800 13010 8
8616 26631 11
9463 24038 8
11625 23379 18
14019 10023 40
7058 28341 13
8451 9754 26
9806 12500 9
20630 2311 21
1042 23729 26
5721 19728 34
19741 20213 48
14899 8643 10
12743 7102 17
25339 27914 16
17692 28270 34
18653 8077 28
15338 11809 13
9327 2485 38
2360 2185 15
12133 1260 7
18207 9126 26
20472 20247 14
12456 28765 32
9508 1417 25
25201 22046 27
26119 13899 34
12091 4854 31
13374 7960 14
19761 12001 21
11554 28515 18
23179 20790 10
11315 13354 25
8634 24271 32
18431 14142 19
12328 12382 18
11696 19415 10
18738 9136 15
19643 3040 15
4325 17370 54
27352 11913 7
24824 21101 21
6011 27695 15
26645 19635 18
28754 1315 8
25928 16702 8
26448 19180 25
20364 17349 11
5512 1131 11
765 6433 12
21219 17085 16
6125 17672 29
8195 16720 21
13458 6177 40
7971 8024 29
17349 19415 10
16558 9008 18
13665 5474 16
15724 10415 15
353 27673 17
12716 17111 16
21920 6293 29
27077 9387 32
28886 4798 20
11818 21964 7
11111 28448 30
523 15426 11
773 12450 25
23479 485 16
19596 22122 22
5243 10415 17
24847 25254 7
9800 4474 50
5129 24033 9
25580 26161 34
1415 2934 9
18762 12922 12
15010 18803 49
4640 13721 16
13689 25976 17
14432 28399 9
16385 12472 34
4016 28526 22
13855 12586 19
10448 6563 17
3806 28776 46
18239 18791 7
802 6998 34
9363 12094 13
15459 27164 29
3270 13374 15
22409 28057 32
119 10717 15
14141 27954 17
5475 4263 32
11533 28550 12
21916 26352 5
3421 9455 10
7199 12838 19
14538 19191 19
20988 26715 9
13354 14428 24
3923 18805 20
2019 4102 11
1745 15014 46
19622 3411 17
6812 8456 11
9229 5978 18
3561 1594 14
7274 14190 27
10723 7694 29
15286 27076 32
8673 770 28
19821 19335 18
26022 25580 39
2053 3276 7
12266 17690 23
25268 341 16
66 15800 11
20346 15593 9
25368 3434 40
9290 914 29
26627 24314 22
8319 6813 16
19483 15323 16
22903 9441 18
3008 403 18
10141 25462 11
20358 24283 19
815 6004 25
875 5430 56
25009 12555 16
4570 1554 17
7374 17285 14
24400 27708 8
23965 6169 16
5226 14965 32
11503 3075 19
10503 26098 15
25297 26366 32
27329 3565 21
15861 25804 20
24055 26493 20
2237 28549 7
6019 14382 36
1854 21679 26
27210 1861 14
12450 14107 20
23755 17728 47
26940 20438 29
20078 13354 25
22031 25623 34
21619 5636 7
19849 9766 27
21296 4563 33
5900 26631 11
22705 7463 14
7677 7401 40
8690 420 5
14105 16334 31
25551 13606 40
19627 26827 8
17560 5902 17
24051 19627 9
21539 3077 6
22296 14579 20
14900 6978 33
6592 7553 18
12381 15584 25
14414 21475 51
3077 24033 5
4632 23811 15
26564 12001 21
28683 3898 95
16702 8185 7
28874 17445 17
18292 25254 6
21857 7050 21
16145 252 10
27766 7536 12
21439 5133 34
7943 17349 11
1309 12413 18
25882 27164 28
3543 11156 18
21994 2359 18
20455 27193 15
26241 17273 11
14132 15799 59
22912 4857 27
12905 24038 5
28869 3717 18
1164 2549 16
2077 13692 18
19270 650 38
14694 15408 13
24099 10702 8
28634 18611 24
25437 12568 16
8927 7759 9
14938 3156 12
19042 11325 41
4682 19482 20
23083 21006 24
1060 23206 20
13092 15951 18
19455 4335 13
1181 3040 15
4258 15634 18
25631 11462 8
21587 7574 18
25196 27577 24
15260 11481 22
11002 26231 18
28324 10550 21
19191 975 15
5175 975 16
5552 14456 20
26338 17618 25
17343 662 17
7850 19672 16
13323 24567 12
10237 14899 15
27836 11044 26
22216 10180 18
16968 6092 13
25373 19940 17
10967 23694 22
12964 7475 11
22483 4805 25
137 15978 15
9997 10988 11
23040 4957 11
19025 22081 27
10436 16983 15
6432 2492 9
8315 16515 33
24407 8910 23
14631 11913 6
3887 13740 17
20900 15568 17
7706 9990 20
7880 20406 28
650 23059 15
1743 22135 21
588 12761 14
17506 19635 18
13295 25227 32
15816 15687 14
20536 21096 22
1816 914 29
696 4698 20
21239 24090 17
25013 16046 17
3331 13926 38
387 13347 18
27629 1332 11
14630 21389 24
11935 3564 18
10077 573 19
11350 24567 12
2255 15583 25
7524 5778 14
8791 8177 21
9809 4692 14
22464 3276 6
25770 9357 17
22169 15964 32
14351 15497 30
10822 1885 20
3810 4777 22
26600 19013 8
26655 12382 10
15951 13561 17
268 18003 35
26363 21545 15
15068 25962 13
16773 27217 30
25462 11968 10
19957 24222 23
11229 6542 73
7138 371 16
27776 17003 8
23307 9293 27
21050 2594 16
17885 6234 36
5454 16936 17
27652 27390 18
20157 6298 15
24186 4152 18
28703 27130 18
1199 10864 18
13077 5720 26
19998 8973 31
19844 21325 11
11014 118 40
3448 25984 20
16354 17041 40
5423 4824 17
17672 11604 27
27584 27766 13
24709 10813 22
27213 28744 16
20682 23729 29
20025 10810 19
1294 8002 21
10282 27284 25
17494 21369 37
25295 23240 31
12390 3985 25
8722 13687 37
14570 1392 25
9487 12214 7
28827 26601 18
26108 12867 22
6257 24499 17
11160 15272 28
9060 7574 21
28965 24700 8
24934 24140 24
24502 13801 21
27957 11836 34
11457 27526 24
24600 27673 18
27681 8762 13
15081 25363 11
25310 19535 39
14717 569 16
2225 18738 23
25872 13010 8
16186 3526 11
7568 4226 46
7813 15408 11
22935 7327 17
10371 8680 29
24843 12094 11
13196 902 17
8149 3684 34
26658 13201 9
25484 16096 15
10128 24090 16
24419 24718 12
645 1701 10
18122 5721 36
10861 24055 29
11397 13672 16
19850 22357 17
12400 23094 31
407 13210 17
25751 3298 27
1897 8268 31
7992 573 15
24079 2199 22
12967 26970 29
9971 23519 25
13521 20783 14
24000 16401 23
25155 19479 10
16864 23682 16
24850 21742 22
6682 10864 18
11361 4680 16
3573 26133 6
17728 4474 46
4180 11870 16
5410 12761 25
27199 3573 7
28225 1551 10
8412 9779 18
15497 7270 29
22792 13890 19
19797 6140 13
7965 28526 15
18832 1822 11
19629 7717 30
11911 7574 18
840 2413 17
6309 1010 56
21267 16449 24
3269 3773 17
28144 17125 29
15243 27097 17
16213 18686 25
17792 9375 10
21724 23710 19
16058 611 13
8276 8538 40
21069 8616 12
1786 1939 6
5536 22321 20
4777 25415 19
19022 3773 15
21814 24033 8
9538 28703 19
19326 7194 26
13201 9629 8
24631 23354 25
6869 24567 14
11842 16515 18
13622 431 49
24219 563 22
1594 6209 12
27997 19857 19
11353 18762 17
17991 17650 46
4125 13967 17
27412 25677 13
14320 23360 26
13210 3851 8
17330 27652 34
19718 3972 28
22187 16176 17
25215 8863 17
17344 18738 18
18442 975 16
1296 17193 30
17520 2359 18
26623 6194 27
830 20648 43
27861 16935 12
26493 28652 17
26656 12644 18
12498 5964 37
4371 3434 44
10264 22892 36
9146 9467 16
11441 9584 19
15799 9290 43
26288 27174 19
15747 8690 8
24198 1939 6
4958 24895 12
11054 11484 21
8496 5311 18
13273 1424 12
15330 10364 18
12293 640 15
25064 10621 17
12462 16869 35
4223 7857 26
28722 27554 11
8917 13926 50
17701 23264 42
7192 22646 48
27721 11189 15
27682 8402 26
21607 21140 17
9716 23905 16
8449 14707 25
22293 15316 30
13545 9620 7
16515 18262 17
9769 22807 22
8456 18791 7
20428 2199 21
23021 10538 15
12002 23094 31
12061 3434 36
1388 10118 12
2909 14181 25
22091 25953 32
18843 19769 26
21335 468 34
8976 26679 17
11207 8912 23
2870 6761 13
15490 17774 11
9743 11401 30
308 3159 11
26970 26493 28
17176 26373 41
18842 26096 9
14672 19402 22
28711 11128 24
17662 1271 25
26986 26395 37
1716 25999 19
7321 2492 9
7400 19500 23
6615 3770 35
6532 4371 45
24691 26998 10
2825 17776 63
14151 18718 48
27633 24222 16
12858 28166 13
15545 1701 8
10180 25532 17
23933 24132 53
3078 11550 14
3837 27709 8
28192 11023 26
23980 15376 35
23255 1064 34
25170 7307 14
9929 14224 22
4511 25204 19
7111 25073 27
16719 4176 13
17271 4721 28
4490 26995 9
10781 6592 23
19206 24033 6
24394 22742 19
26345 21866 15
10865 26631 11
5597 19769 25
24169 19723 51
5467 26627 23
8176 4779 12
22786 26857 35
21783 16645 19
15544 21723 18
14951 23398 19
7086 11335 17
10116 7270 23
18257 9959 24
1877 5831 15
28058 18977 28
22402 5474 16
3462 25967 51
12245 7832 31
23901 7910 16
294 1276 13
13822 13330 34
23037 22313 18
21161 23941 11
27994 25030 23
12553 18984 15
18262 736 14
15364 9583 32
20086 9451 19
24780 26547 31
11739 3565 22
28376 18674 9
10317 1769 21
11522 24741 27
18964 11533 13
10079 20737 13
21603 396 50
7270 25617 22
23340 3851 7
4614 12760 14
27130 4335 16
15290 22464 7
27436 21186 31
25177 4117 16
20004 27404 31
14086 6092 14
26309 27673 17
10255 13740 17
21807 21473 49
14516 8492 24
2011 178 8
27014 8051 18
9839 9652 18
8250 6078 34
23507 14690 7
20237 22835 18
10410 15513 21
6594 13049 78
22092 7802 17
8024 7866 18
5489 27776 13
2104 4005 32
24309 8456 9
12301 10067 16
17220 25694 5
10864 25916 15
13501 26429 26
15451 2224 8
14379 22229 6
19538 25862 48
25400 23457 19
882 14911 14
26136 14224 24
28982 1170 18
25899 2920 14
20527 12232 56
12027 15951 24
21910 6493 26
28513 13210 13
25966 23492 23
12806 28984 16
18819 10237 23
2886 27667 33
1882 9636 16
26490 25082 11
714 39 14
22536 611 16
2152 24886 19
21997 8748 15
24586 26352 6
24300 27577 21
3179 21481 19
3976 17531 20
26173 8024 19
24456 19335 17
23845 5570 19
5393 28765 32
14615 3421 11
18968 20488 13
21778 18974 17
13485 7574 19
9183 28453 6
17719 6978 27
14254 3511 12
20074 19022 17
7902 23015 7
14324 15800 11
9376 24806 21
24271 4584 28
16343 17673 39
3597 19841 21
2370 11300 17
8896 14879 55
8467 5785 33
24895 5905 10
25887 10141 12
10209 13026 12
13249 26149 55
288 27404 39
7102 11130 13
8737 27554 26
12104 21325 11
27770 15989 18
5831 8063 13
4985 23206 16
4230 23749 16
12586 7102 16
25256 11473 10
7575 9323 11
28511 3199 18
11239 17829 16
27977 12905 8
2608 26133 6
28077 11614 32
26178 24795 20
4984 15584 16
11094 15768 28
13785 3691 8
12477 4425 18
24255 24886 16
25530 22251 9
19259 12599 8
16412 10461 29
143 14456 28
6097 25462 15
17125 24055 26
1257 3178 9
2267 22135 41
7292 28567 9
10387 28449 27
23248 27193 16
16795 13956 26
22251 16701 6
17016 7501 29
11974 3117 23
21486 12967 39
15559 765 15
106 7103 11
9536 9256 34
24026 9451 21
21803 5474 18
5665 12100 12
26019 14437 37
23430 23497 22
22047 18822 16
3280 22832 16
12752 7168 19
14075 5308 35
7557 17829 17
1958 18794 17
27914 8748 14
9823 26301 9
20046 8215 24
19767 11439 20
26648 27939 33
7536 26938 6
5785 14428 27
27658 5642 10
24070 16622 8
5192 8684 8
15183 20790 7
19828 6533 16
19103 24876 26
24226 27954 14
5430 17521 17
14455 14596 9
20013 22900 25
7366 8346 29
18300 9761 19
17826 9420 31
4222 19502 17
13369 9092 13
6274 24425 9
3162 23585 27
577 8456 8
27200 20815 16
23080 16664 7
18227 683 34
28066 15451 9
21782 12294 18
27599 4425 16
2170 3898 102
27790 28623 22
1971 8402 34
20416 11911 22
17387 22061 19
13606 18227 36
22584 28623 28
25280 25240 16
28562 3156 7
1173 15951 19
15433 18091 9
16885 26210 18
8475 21325 11
16850 11078 49
221 11843 16
3276 19479 5
18984 4957 14
14996 14320 27
13643 7555 24
18692 22013 10
10990 12001 37
11505 16690 16
25367 3576 19
19723 4721 28
11854 6798 12
9785 19232 18
8672 14125 27
18794 10662 16
1334 12905 7
2877 8235 17
3328 23094 33
12365 7447 22
9583 7574 22
24615 11429 40
8578 19728 33
1392 24140 23
1555 17043 34
14102 4423 16
7066 22900 23
18785 192 15
27939 22585 26
3792 14753 11
17788 15951 28
12823 18624 16
8836 4543 50
17982 2344 16
24955 11300 17
17192 10117 39
5223 6293 30
17158 15868 9
28300 11335 15
5916 21435 27
6950 11889 17
3596 761 31
9136 5192 14
6678 2776 27
26928 24356 29
18441 21277 10
3282 6197 10
18963 18741 32
16691 11655 11
14962 477 30
22229 28453 5
22739 22287 10
17649 5831 16
17650 7501 35
21020 23280 11
8875 23072 21
21226 26366 44
3075 28389 11
4596 8855 51
9131 26788 30
28322 6478 12
26778 10864 19
6493 25947 22
9434 10118 12
28071 19769 25
2300 5558 60
12808 27995 6
10184 21804 39
24504 28999 11
7600 17342 27
19640 1342 33
28109 11189 15
20438 23519 25
19862 8250 54
25908 25052 8
3717 7553 17
4774 27954 17
20454 11006 15
21801 4680 16
16182 20648 46
7986 17193 32
27683 381 32
25687 28138 27
27403 8863 17
4255 25694 14
15025 10283 20
6960 53 18
25454 8610 26
20906 27954 14
18341 19057 5
26146 371 16
945 7066 24
21325 9375 9
7800 826 26
2007 13231 23
16413 26882 12
280 6894 14
3509 18000 12
15586 15425 16
4864 13203 32
5464 8464 16
7444 23015 8
24007 1171 15
21921 20018 29
16504 13295 33
2771 17972 16
26076 10630 12
20848 6215 16
23281 7020 20
13200 7965 18
7045 4948 29
13250 8921 18
8738 9359 14
813 28712 16
3845 13581 9
22406 13646 14
2426 10141 13
25581 8276 44
26126 26564 23
6859 21054 21
16167 3390 38
14593 10317 23
1696 18252 11
21797 1164 19
11769 21410 38
24425 3691 8
3267 3186 12
15904 736 15
9252 24558 33
11913 28453 5
15512 27433 34
17165 2185 14
16893 14899 16
24513 15545 14
6295 28837 14
1799 16389 13
13292 21535 26
20543 21135 20
21502 10317 23
26149 4714 51
23969 39 15
19836 7663 32
4254 1527 27
15263 19769 25
16155 353 23
670 8402 24
20995 22493 54
26873 21325 10
13173 8748 15
4698 7553 17
14107 714 18
789 24237 50
28034 21807 53
1271 7066 24
12394 25975 27
24882 17349 11
7864 6816 32
22900 19944 22
3631 10358 18
7639 13212 18
709 3075 17
21932 28654 31
2633 13080 34
6699 26920 29
11281 11462 8
26704 19191 16
23144 421 18
27042 8546 24
28971 28307 21
13338 8910 17
27684 24058 19
20547 7575 15
383 10906 21
2637 7813 13
28244 17165 16
6997 6092 16
7020 25254 9
28110 2190 38
19311 7553 17
20411 12905 10
992 28765 32
9599 11462 8
20070 16413 14
12317 15555 11
14050 28341 11
14072 19944 22
25864 17251 23
13564 9877 21
25611 7090 24
4136 20027 27
6910 55 9
18256 25198 21
1046 2359 20
4639 242 19
16761 9140 22
5154 18124 68
16411 22406 21
574 403 18
1328 28465 32
11338 16545 22
22985 17273 11
18581 1052 12
14129 28873 33
4327 10299 8
26507 16936 16
21718 6941 28
7918 25887 14
5348 25829 25
16085 4261 18
13493 7965 16
2627 25211 17
9923 10621 17
25997 25973 34
15546 2886 40
11886 4868 11
25330 7574 21
28858 7905 20
27441 25368 44
17014 15952 14
15898 13026 15
28870 3757 20
4470 11492 9
6262 12764 20
11502 24038 8
27284 22440 22
23958 26921 33
12339 28837 14
5159 7102 17
10634 22090 9
18701 9376 26
22321 7553 17
14302 25211 17
26998 3526 9
219 21630 29
6720 24037 15
22942 786 26
20 21274 24
9748 11473 12
14077 12917 27
27211 18016 17
18805 3717 18
6244 10559 28
20783 13581 9
25596 20416 23
19861 9290 41
11819 10079 14
17413 14027 9
9256 22250 20
20361 24070 15
22057 27873 19
22332 13171 22
22906 22090 20
5450 4176 8
12144 19130 19
18065 27410 17
24030 3033 17
26938 24033 5
17898 2877 20
26725 24033 7
12534 26133 13
8064 20544 11
15112 10117 38
16366 3077 7
3230 13182 8
26304 18003 16
12528 3075 19
2305 22859 33
15454 26098 14
28759 7965 16
26356 7066 24
18000 11473 11
12499 15646 11
3500 19415 10
15233 6816 25
18398 7475 11
19221 13112 36
26429 2517 25
9043 7090 17
24803 11059 20
2328 8073 12
3564 14338 17
7433 26275 187
28070 2846 33
15063 8196 45
27722 431 59
15123 21673 24
13065 28825 30
1360 27412 14
27807 22868 37
16279 7813 17
2342 15638 17
14656 7802 17
27965 5037 14
11930 24255 19
4425 16968 14
1486 1281 30
17001 28467 10
25445 18247 21
13658 23816 16
24979 1962 7
25623 20573 32
10784 14324 12
6765 12135 9
26222 20364 12
12568 9165 14
859 4714 52
9455 9375 9
678 19001 12
253 24198 7
3144 8616 19
2311 7992 16
27188 27831 38
12292 6920 6
10517 8634 35
28327 2779 20
14403 23749 18
18910 17485 37
10498 1159 19
5501 4176 7
15731 21630 29
1182 10700 24
1106 17445 26
23895 5647 24
16577 6510 12
14596 10299 8
17342 24140 23
1214 16935 9
3691 26133 6
1589 14628 11
17011 10621 19
9987 21925 21
2753 2491 15
15163 1335 22
6382 10402 12
11945 24979 18
2835 307 44
5494 15436 28
7238 13771 18
9481 5978 18
3113 8652 16
16979 10079 16
130 13249 94
9641 26385 15
20533 26766 17
22835 8748 14
19547 15123 28
9815 8277 26
12710 8077 33
7166 16645 19
1484 12030 10
2897 16223 7
10810 28984 18
14194 15766 19
13162 11622 45
22371 23811 21
19558 19001 12
15964 10148 24
21715 24735 25
23862 13738 18
11117 12905 8
10519 14327 31
21423 28158 44
15777 16761 25
1281 9323 11
3514 26920 27
5634 16974 6
21858 881 31
25588 20136 7
15761 15167 30
9275 17138 18
17386 3943 8
15042 6138 6
3850 14428 26
7653 23154 44
17561 9357 18
12001 21587 19
23495 9183 12
14875 12812 16
19734 9463 11
22677 8910 20
23466 24472 18
242 28526 18
8177 21587 19
5888 26559 35
16787 8426 30
5564 21728 37
1795 28449 38
18003 4261 14
13367 18687 16
9786 371 16
27123 6576 40
28362 9136 18
7214 26827 8
20231 11191 16
24879 9463 10
7508 13672 21
22074 16278 56
24833 20117 16
12093 3773 16
22851 23710 16
26965 2845 14
4928 23750 14
17132 6883 17
1747 11696 11
18124 11964 55
7312 9396 68
28450 16795 33
3728 17235 14
20098 8196 17
7690 24735 23
19771 28453 5
22562 28563 15
16759 27303 33
24689 15616 12
11528 6489 14
17262 7359 22
20707 16912 21
22745 15408 12
15480 11514 19
11214 17301 21
19117 11117 9
8695 4945 21
17671 1929 25
3838 1126 19
21086 24558 33
256 14181 18
28765 4854 31
18918 21177 9
2298 10402 10
13098 20364 13
4667 10110 16
20759 21866 18
21766 27442 15
18628 1417 28
3715 27199 15
9852 25227 31
22929 6433 15
26292 7574 20
5078 1211 15
2537 13427 17
23684 24037 23
15217 15989 15
3301 13011 52
25704 18676 16
10824 3851 11
22502 3103 8
6641 18877 16
19715 6092 15
20667 11189 15
22732 5771 44
53 25437 17
12986 25596 34
18091 8185 8
16457 3812 28
17802 3282 11
8072 10827 25
23673 25899 18
4124 27766 14
17567 4558 29
1920 25624 28
26315 14445 14
6289 3049 15
1211 2920 14
9834 26305 54
22178 18227 36
27744 24886 17
1953 14428 24
28962 5399 29
4152 10118 12
18053 10538 14
1881 12761 14
3730 19482 18
12526 25532 18
15317 25862 56
1349 8426 25
10339 2934 8
18682 15286 33
21673 27394 23
2845 5634 10
20584 15844 15
9900 9550 17
20119 11035 34
22331 26352 6
22520 28874 19
12560 12761 15
25294 15687 16
16324 13323 21
3225 22900 25
9200 12018 17
18383 17445 18
12764 5909 19
25735 13182 8
6063 7965 16
10732 18272 14
18405 14415 16
1794 18746 25
10918 7361 23
21222 6861 11
20496 13010 8
6043 24425 9
11096 1962 6
27890 7302 16
12555 8748 14
12705 9043 18
3586 25617 18
1944 15679 25
19857 3866 16
1059 27669 32
14862 15575 19
10716 25442 16
18612 22493 45
21469 24280 6
18299 1554 20
4338 58 28
19439 25976 14
10515 3902 26
11707 18561 14
22122 10538 16
4382 16617 26
10243 21675 19
14360 26458 23
8431 137 16
23119 12240 16
25073 15560 19
21550 1658 13
7881 7730 20
16548 8323 13
4987 22047 19
25480 20687 20
30 27703 12
9520 2788 15
40 26590 16
8504 7574 17
1383 19415 11
19845 28639 24
25916 28038 12
11251 1042 28
11677 21552 16
27258 22250 18
23127 18652 16
23710 21389 13
2045 12339 19
28270 19071 26
3187 20533 18
4100 20624 31
16156 11550 12
9333 8738 16
10450 24037 14
9533 3040 16
15826 1348 26
26932 22251 7
19660 1315 7
24973 12812 16
16389 6197 10
6170 27217 29
5554 12378 18
23822 23969 29
16278 22135 38
5497 3470 6
15245 8176 13
14341 14333 39
17766 1064 33
21489 13045 26
18326 9028 26
25917 19339 19
24296 9971 26
3834 20364 12
2121 12760 12
21499 5634 9
5380 20715 9
1288 23827 23
26857 14917 34
10125 5169 10
22188 4720 19
21703 3202 11
18928 8496 20
11168 8456 8
28564 19563 26
28038 373 10
18059 2980 49
13682 11540 24
20488 12354 9
9633 15966 20
18406 9200 39
26559 477 29
5092 14690 7
20890 27955 20
28893 14843 11
22582 18692 12
18740 9652 57
9293 19635 18
19913 5090 17
6320 14333 30
28550 21346 11
28964 8028 14
25435 21092 41
12886 9393 48
20238 6354 34
4543 4360 26
18860 21539 8
13769 9629 8
27707 9463 10
6920 22372 5
16256 8235 17
3737 16720 17
1482 973 15
26380 10643 14
27632 21762 18
15564 2328 19
16494 6092 14
21728 17744 34
11354 22355 16
15551 6816 24
14452 18832 12
6324 6011 16
5526 5192 15
23492 23827 22
914 4709 27
6894 21412 12
1726 28351 60
18884 3464 9
23077 6563 15
1543 27554 13
4176 22372 6
2517 11911 22
23171 3773 18
26989 4490 10
26189 3403 12
16341 14656 18
25980 1022 9
3960 24718 12
23474 20 33
22304 573 16
11395 14196 28
10668 13369 17
5398 22116 9
20639 19558 15
13929 16635 32
16870 28837 16
15193 15825 16
5524 15986 30
15038 27792 18
6556 11189 20
17585 2209 12
28894 23816 14
2296 7577 39
4249 21620 20
7935 2666 18
25720 2934 8
8172 24033 6
10662 28984 13
22570 26564 26
10492 3837 10
19944 4857 21
25991 23866 40
26553 15634 18
371 13171 15
19773 25908 13
1685 17618 24
12760 9323 8
15202 27413 25
9020 21466 34
12593 10480 56
3157 17272 39
1862 25570 32
6756 1794 43
21003 26074 30
9316 14505 42
12151 23192 38
17193 27217 29
19917 9136 17
21577 26658 11
27984 19976 10
3087 19124 23
15930 21993 18
7005 24763 25
25390 3845 12
183 18341 7
5308 13406 33
19721 11843 17
23881 23729 28
14767 9959 27
7908 5940 15
15252 23005 17
7960 25887 13
1939 24280 5
22440 10147 20
9667 10402 9
1952 20941 18
6318 313 21
4182 6892 16
17116 11502 20
2978 4857 27
23966 18746 21
5212 25254 14
6186 28709 23
26496 26899 31
1980 12381 59
27821 14609 34
9841 26820 37
15635 26851 34
15417 17672 28
21590 11696 11
12510 15792 26
22261 17708 9
2214 1249 39
7439 4335 14
1260 16701 6
17485 9872 24
14456 7013 18
2546 11514 15
14382 26366 33
14682 25396 13
25183 13171 17
14496 22090 8
10110 6714 15
450 373 11
1131 1939 7
1513 27914 15
24269 14440 18
28590 14843 13
11275 15408 18
17249 19986 28
27649 8780 15
6852 22090 9
7254 4335 17
5942 12002 58
21410 19326 28
8271 15443 18
20725 7214 9
22256 938 21
25947 15648 14
21908 28712 16
6287 2385 18
13503 178 8
10920 6410 37
9347 20119 35
2254 25623 34
13771 25254 7
14427 10090 28
11401 17672 28
11897 4957 19
1216 25677 13
18016 23005 16
26816 40 18
16603 3943 13
8975 14875 20
2924 419 23
16801 1123 17
12088 15551 25
12174 14428 24
26845 6197 13
26866 786 36
9006 11605 14
693 21325 10
17586 16579 13
13447 4773 18
19652 23619 11
22337 25499 36
7616 19045 13
11384 4292 19
15436 24140 23
8534 26196 24
26771 13503 9
21928 28962 30
27092 5037 20
28057 3385 30
5414 4397 32
15617 20725 15
770 8105 27
18940 20815 14
12759 28776 38
8963 19777 28
3680 23427 17
12625 5509 16
4856 15961 13
11648 13354 25
10430 15706 10
28139 24199 17
618 24199 17
13025 6724 31
13265 2383 31
27856 4134 12
18063 7669 20
3833 16427 29
11178 3851 7
16135 4945 19
3605 13521 16
19936 26366 34
6933 2608 12
3526 27709 8
8264 15951 32
5499 3559 7
4362 420 9
15408 8780 8
22100 3541 20
4352 14227 53
4612 11207 27
8418 28776 36
6846 1278 59
2459 24988 45
3275 17710 12
10906 6892 16
10346 20499 14
6238 6000 38
24021 23021 16
7553 11843 16
27669 18239 12
1962 27708 3
9029 25623 34
26354 27342 17
6874 6526 16
22049 8839 39
23426 4117 17
22401 17220 13
25510 26366 47
18922 6563 16
24820 7185 20
13101 24394 20
14641 8176 13
23166 17744 39
27406 2598 28
13049 25580 40
4031 3833 30
22219 18718 49
7838 27348 12
23360 21859 25
18709 12555 15
27203 16869 35
5595 10415 15
19774 14456 20
27843 20611 18
20292 975 16
16125 27006 32
25830 23340 10
28094 26607 31
5236 16194 22
24718 17349 11
25663 28874 22
12888 23881 30
17428 27123 47
7871 8402 24
20802 6988 28
7959 6122 15
12780 12354 9
6270 11836 30
25665 11189 25
8235 16696 16
10023 26278 25
17572 13355 29
6168 9198 28
2666 5474 16
15384 12555 17
2073 23845 22
15602 12957 6
19615 24979 17
2506 420 7
17839 6816 24
20020 2788 41
622 14113 8
20191 25916 16
6813 22299 15
16080 23755 48
5660 15042 9
23957 10630 10
25216 8634 33
13114 25385 18
8552 13138 8
21372 11031 78
5106 5636 5
26329 3851 8
26651 3687 25
5613 714 15
10109 17825 13
21649 3385 34
18652 8232 15
20880 595 8
6704 3565 23
20808 18624 16
1329 16324 28
1187 28341 13
10636 17815 37
24163 25254 6
3835 20087 28
8938 27886 37
26346 2132 17
26541 27001 47
27076 4397 30
12222 26292 21
28770 24700 8
23143 11514 15
8855 8077 33
22218 14277 16
25002 3541 20
20389 22859 34
6109 6618 36
28721 22742 19
10893 22331 11
14612 15545 10
13112 24919 24
13171 15924 10
157 24038 10
22281 28712 16
4336 22859 40
19416 22357 17
17696 5192 15
3559 24038 1
7307 11 12
4285 24806 21
11993 14609 39
2070 973 21
15659 3454 37
19018 11168 11
7859 13146 16
2262 13739 32
23554 13212 20
14048 27217 31
20087 16201 22
21699 2360 16
13739 15952 24
18076 15901 23
28254 10630 10
14381 7813 14
19302 9375 11
9738 10283 20
11252 8970 21
22882 4628 35
3723 22304 19
3403 14843 11
21275 22359 17
5143 1445 37
20567 14102 26
14321 20735 16
2153 420 9
26643 17696 16
21845 10597 14
4601 3773 16
17744 13835 33
24343 24132 62
19766 7994 14
27023 28189 47
9506 8877 27
1158 13504 24
22073 24700 8
146 2261 33
8440 13890 16
21265 13203 35
17776 4474 51
17050 13168 20
14733 23354 37
4838 1252 18
15626 8438 37
14054 2123 14
8704 26175 18
21054 24425 9
19479 5636 1
13082 17045 15
18561 20725 13
13448 17449 17
20734 12905 7
1355 18215 6
9461 28712 18
381 26564 30
6941 4701 24
627 16664 12
22061 20734 10
14062 19482 18
8145 830 53
12387 15376 27
25808 15664 22
20924 13561 18
23485 28449 32
3432 20496 13
21414 8323 10
28972 14667 13
27621 6899 15
3121 25366 17
14965 15768 25
11296 15800 17
19800 3812 34
7220 24356 40
2492 16702 8
6164 28853 23
27904 9484 22
5602 24055 26
1249 8077 32
2179 25623 36
23210 21140 19
28158 2180 23
9730 21864 9
4163 24988 29
20398 2671 14
5182 178 9
14027 21277 8
27882 8456 9
17235 21916 8
12506 1003 19
24727 16622 12
14739 14920 15
4318 714 16
7538 14072 32
14059 17943 14
22136 16968 14
6864 27373 13
9496 3773 16
3434 27809 35
18611 10021 20
12997 17443 21
5491 12222 22
21599 2426 16
5560 7992 18
27309 25155 13
8800 3113 26
11062 26010 10
24721 16935 9
4944 25073 20
9746 26772 50
9616 23315 46
15322 15568 16
11817 5192 9
21533 3028 18
15844 18561 14
21309 5159 19
24990 11397 17
26352 19479 4
14034 16504 43
18803 20213 48
11335 13210 13
5732 13474 16
26185 11843 21
12158 4698 20
6026 25928 9
2040 20725 15
23120 8610 28
23692 25570 36
10012 10864 17
3693 15212 20
5529 13920 36
4857 13474 14
23258 12214 7
26590 4425 15
16157 8780 12
9764 22090 9
28499 24280 17
14988 420 10
1527 2282 25
10969 19206 10
13408 22705 16
23718 19625 13
27366 20136 7
24919 13323 15
14337 26970 32
6861 15800 10
5784 20398 15
11994 25658 39
6334 5022 16
23995 24428 21
313 13665 18
14686 24002 22
15232 4957 15
22355 25396 13
19237 26766 17
14821 16603 21
13138 18341 7
15991 20667 20
10427 3117 22
6744 19415 11
24961 27667 33
15411 1939 6
16612 5552 23
19013 24280 6
19377 12370 16
2171 10283 19
22424 27954 14
22764 16186 15
4466 7992 17
16277 1822 11
18806 28531 17
11000 9122 8
11669 13010 7
28414 22406 17
2373 204 29
958 8568 34
21396 26495 20
11860 24226 15
11921 10668 22
4397 14072 28
27446 26310 14
23775 14631 7
16159 22321 18
12229 23037 25
12571 11736 17
17043 13124 29
18318 6779 18
7689 22585 34
17635 4692 17
8942 8629 13
19322 19241 19
20282 24058 17
23323 40 19
15443 5192 14
23884 18972 16
9875 2549 17
22832 8616 15
19074 24333 16
16436 23005 17
26096 7902 8
12030 1553 6
10730 1181 18
9559 25211 17
16825 23280 10
28687 1164 19
11688 25254 8
23026 3984 18
24641 17158 23
6818 19318 33
28991 20584 18
22664 7463 14
14796 21552 22
23512 15952 14
19162 10643 22
26031 27227 12
21393 1342 31
19002 6092 16
6036 21010 22
27112 14657 9
13231 9877 19
21002 15680 16
27901 371 19
396 58 35
19180 25002 24
20073 3159 11
27000 3835 40
14687 6334 22
2190 18587 32
11580 9375 9
28409 18076 25
4798 22250 18
20955 5633 21
26049 16427 29
2224 1962 5
9080 24400 10
19186 16381 18
1315 18341 6
20158 19807 21
11676 24465 18
11604 4857 19
6966 373 15
4849 6000 32
21157 9043 19
18554 14475 37
23414 16617 20
19563 15768 25
28709 5175 17
11816 15490 12
10284 16983 14
16731 22359 18
19001 27788 9
7013 18262 17
28601 7813 13
21170 371 18
20614 27955 20
5913 683 25
10205 9929 33
6296 11044 16
14182 21645 24
28963 8323 12
4015 5633 29
7050 27652 19
13918 19241 10
6250 11818 14
8947 6563 15
26286 11059 21
16 14113 8
17370 24988 34
11440 5509 27
28173 7935 23
3199 18877 16
11355 23280 11
8974 23015 8
12470 12100 13
28466 2107 17
10959 9327 40
20302 28038 21
8965 6298 15
23387 9396 47
26687 11889 18
6768 22827 14
14425 25617 28
1276 27709 8
9279 21724 21
14202 3541 15
7302 20725 15
5945 14249 18
28734 22860 52
9187 6273 30
17570 24280 5
13979 8232 11
23398 13544 18
10461 14354 28
26628 20070 15
16014 22892 31
26654 12586 19
18885 22290 19
3216 16413 15
12630 21469 13
19668 1000 14
8478 6090 28
20187 6274 15
12770 9566 12
14980 6197 10
16069 22452 36
2265 23281 21
13765 2237 13
13758 9420 35
11490 17672 34
22720 24586 7
15700 25254 6
16096 11096 8
22549 2798 28
5428 12093 18
17841 4352 57
24551 8681 24
597 25499 67
16716 17531 18
4474 5435 44
14327 26366 30
12813 7902 9
7381 13210 12
11415 12771 23
19271 28524 16
16042 17586 15
2287 2485 40
3186 22051 9
11098 11911 21
16024 22116 6
17421 4288 12
1647 27076 31
11439 178 11
5857 22136 18
18784 15687 12
26025 25808 24
17205 4701 23
9257 12182 27
13146 15408 13
28649 1445 9
10383 17252 10
24700 27214 6
19958 4883 24
6516 8074 18
23561 2936 10
25428 351 16
12975 21466 44
22704 20737 15
8030 15322 17
550 14249 18
19482 20687 17
24208 27214 7
22451 15551 28
5559 17776 55
25608 28759 19
8002 28341 14
3367 157 16
17113 24038 11
9323 20790 7
21643 24976 15
21384 28874 18
28537 26601 19
25085 14458 21
14948 5634 14
5316 11044 21
5800 22281 18
9341 19976 15
21660 8185 8
28599 12135 20
28497 15924 10
18453 16691 12
14721 22150 16
25427 3434 42
25677 26352 7
9789 14920 16
19518 7475 12
17323 24876 25
8584 12126 45
5134 3851 10
8025 20078 26
26175 26882 15
10642 22493 36
18746 20735 20
4236 7730 20
11492 10299 8
15742 15800 16
21679 20416 24
2467 1334 15
21535 6004 25
17999 8077 29
24552 27977 9
22995 830 48
4476 8356 26
8178 450 13
3701 16579 17
23497 17305 20
5884 15731 30
27708 28999 1
20792 19924 30
5908 19022 17
26607 1554 17
1506 8232 11
18974 11191 14
15952 9881 11
20776 27465 11
19285 25846 18
13835 26572 31
19043 14707 24
15168 11014 44
6845 6533 15
13940 16290 11
22334 13581 10
11343 15545 11
14736 10925 22
23712 3467 17
5957 12117 20
10602 25851 19
5563 13250 19
8105 26607 22
3200 18686 22
11563 1384 22
12170 13404 14
934 16683 19
25670 24727 17
7578 25617 31
4874 12018 21
3776 15617 20
28682 26205 32
12812 6298 15
15927 19774 21
17687 5198 8
28545 22902 50
8666 8978 23
780 7042 19
12100 9323 8
16019 12877 9
14440 14415 17
12350 8002 21
27198 25851 19
25388 608 12
799 19777 33
17477 4063 13
10630 9375 9
14600 6941 31
27827 18624 17
19089 9375 11
12189 3276 6
11836 1064 28
26715 5497 7
26535 12133 12
4937 4117 18
17618 6078 23
15043 4957 12
1128 26938 7
15167 24764 25
19996 8666 27
22141 16983 14
18108 6720 17
27269 8338 16
4905 4397 30
13956 10827 25
20663 13210 13
4514 15459 31
13102 6309 59
1776 25204 19
10833 20213 47
26731 14415 18
24732 7381 14
1453 18300 20
6213 2132 16
17809 5082 28
26289 4285 22
2000 3144 21
12787 26352 6
2874 25215 18
4245 4360 26
28579 3508 31
28273 24226 18
7436 11604 21
5647 18746 23
28661 26903 20
21079 13773 14
6495 14516 25
1096 14257 36
5035 27995 12
8053 11044 15
3366 17719 37
2258 3028 18
2726 8319 17
25421 9909 12
26128 4682 23
11088 18379 14
25074 9347 42
15924 12100 9
5482 21066 22
12898 28144 31
9998 2199 25
22465 3902 30
8652 11072 13
28334 25462 11
27767 9834 67
28705 14338 17
9396 27727 33
5622 11178 10
20076 24586 7
22082 5092 8
14601 27788 12
27485 26352 7
22075 28448 32
22407 5422 18
25270 27413 19
20624 15859 27
22875 19900 20
12409 9434 15
15859 10395 25
28775 24283 18
11764 18652 19
14608 7331 44
3874 24513 16
23860 16049 20
16052 6529 17
11340 27965 19
17631 387 29
20340 18791 10
9125 3365 14
11064 8978 29
9359 19415 11
12495 4632 17
28267 26366 37
17108 16702 9
13997 26715 33
3565 7918 19
13190 24983 8
8892 23651 13
19410 5902 18
4263 15951 26
15849 24845 21
14584 22435 11
16290 19415 10
14003 20423 25
3757 10621 19
21140 26098 16
19143 26450 8
16334 8496 22
21040 11149 15
24890 13182 8
10679 13026 14
21887 6309 83
14142 20725 17
1156 13182 8
4703 4993 26
17023 19364 19
12370 28038 14
14744 8267 20
14677 18624 18
25324 353 22
27050 8973 21
13561 14435 14
16921 11897 20
1089 27342 24
11045 9375 10
28671 26340 32
3049 21964 7
17186 12247 11
24771 2870 36
12933 13803 9
14936 4742 16
19227 2492 9
4828 22493 49
13910 12599 9
1885 8780 18
9307 18227 35
16848 6481 21
520 6618 29
23750 24070 10
6581 4701 25
4561 12798 39
13223 7370 48
24314 26292 21
20056 973 18
17119 14354 14
3913 21076 35
17628 28453 7
4335 16622 12
27347 25294 20
10605 420 8
3411 12957 13
2107 1881 15
7469 15742 17
2703 22859 33
17138 24033 7
11 17341 8
786 13124 25
2002 146 36
7537 8323 12
24575 16974 6
26435 19124 25
5817 22118 28
10697 13785 11
18487 39 16
18393 18652 17
5164 28981 11
23619 25968 8
22719 6816 27
28372 13045 27
28364 1520 18
16879 16194 31
14458 16515 20
5568 2190 42
22585 22900 24
417 5358 19
4993 8796 24
23648 8672 39
15687 9566 11
27880 5145 13
427 7090 20
326 28254 12
22932 26843 33
9345 15171 17
4948 18465 27
1028 9959 24
11750 25532 18
25853 8232 12
3987 12737 19
11655 8456 8
24734 5029 27
22703 9375 10
14903 14656 19
7420 25966 35
1609 1513 18
11326 15411 7
16217 22299 17
2485 8672 36
20018 19797 16
4201 18239 11
25953 3219 20
17592 4037 15
28953 11580 11
13645 20078 27
11975 20868 11
18686 21389 19
18972 6274 15
24610 6611 47
2754 573 21
7327 2185 15
24087 9338 19
13687 19769 31
11030 27656 20
13416 21066 20
10894 2531 31
14890 24038 8
27528 22372 6
14879 16696 16
9464 23749 16
20284 23729 27
24935 20284 28
18024 24385 9
620 24915 35
21347 19538 50
28872 27747 24
11870 14890 9
20953 7902 8
27466 16983 14
5100 6657 16
23851 20213 44
25944 21277 8
18068 8652 29
8474 18964 16
24202 13938 18
4865 4701 25
6354 6529 18
8863 23005 16
10908 12094 8
26774 11045 32
12289 12247 11
13218 8672 38
3064 26098 16
5064 27695 15
20332 15425 16
14189 2104 35
15105 11818 8
1660 5909 19
3226 3287 14
22313 2311 17
27936 8148 24
3572 1877 25
6300 20639 16
25930 25230 33
22612 420 8
6669 6209 9
1226 22699 15
28883 2934 9
3295 12922 11
10827 3908 24
8060 3985 36
13366 15388 19
25217 17964 20
17596 21346 8
16782 12697 27
9629 19057 6
12611 9182 32
26369 7058 15
14759 26366 31
18075 3276 8
112 23729 29
6650 18832 12
9766 28648 25
5783 2344 17
27104 13285 38
10148 8019 20
8715 7813 14
3138 28389 12
18607 26242 18
21663 18239 9
6988 4005 27
10656 26662 50
13288 8978 33
17232 3812 25
26820 15986 27
16375 6776 15
23694 27584 21
2711 18108 28
5887 11057 53
8566 6410 26
5977 2537 21
1290 22703 11
7910 10358 15
9093 8061 23
8921 27965 15
18687 1211 15
13125 28953 12
4862 16324 25
27563 11189 14
28023 23360 26
12805 11385 18
20622 7960 15
4239 6138 6
8327 27174 24
172 23811 21
3996 18124 69
12554 17251 26
10623 21118 10
24649 18742 36
1337 1660 23
