15273 5269 7
28598 1846 9
19704 5675 16
23587 13768 8
18903 17554 10
28848 11302 11
17156 4522 7
20174 26511 19
253 21049 33
18987 28839 42
8523 25680 35
25624 16584 13
27263 13552 26
27294 4601 5
16938 11222 13
9758 22683 28
17148 25798 20
18743 1644 22
14861 14342 17
8040 8191 44
19965 4982 16
1558 9531 48
9365 23223 17
6353 5227 33
24122 3754 43
5963 13481 25
8646 22106 11
8698 214 5
11106 22380 5
27018 26512 15
27198 18140 16
413 12014 78
26519 12280 16
5314 13089 13
24956 3158 5
2965 9300 26
403 12878 15
19250 20254 10
23105 24878 20
14342 28041 16
12461 11609 7
26772 15905 7
12530 27964 22
14675 24626 10
11769 26711 22
23274 15184 9
27821 20150 54
6326 18425 18
14547 24450 15
17290 8266 24
6750 16502 19
10692 5489 11
17637 5890 12
27122 28177 21
22022 23492 34
10604 8600 6
21758 14188 20
1857 15199 26
3467 13578 12
23461 922 10
23782 2504 4
23356 3462 12
7577 25186 32
21067 13215 29
20087 28412 14
28610 8132 11
21023 24193 9
23996 3046 21
7517 27184 10
27093 11420 26
7760 6364 7
13896 14314 23
23296 4302 19
1085 7463 34
15593 22022 35
21498 18322 8
2072 2127 37
24443 21460 8
25721 15110 5
22800 2172 17
7806 4836 15
2334 5359 8
23544 21836 7
4552 7188 101
18342 2072 74
15154 4633 10
21034 7549 28
28074 2151 9
7599 1176 28
21961 6025 5
6574 18426 27
10313 9607 26
5716 1383 4
3943 26215 4
11119 5498 16
13196 24990 54
26503 8061 9
21836 15717 6
2713 7052 25
753 12524 42
1644 21938 19
1627 11482 22
1846 12630 4
15882 17686 22
8482 19625 2
1544 26354 20
1960 17150 31
16404 18785 13
11235 28868 5
6548 2519 15
20031 4211 8
10240 434 15
16352 14386 11
1332 19121 40
605 3158 9
19644 4888 13
21523 25721 8
7873 5417 9
15816 2214 9
24378 3441 13
27584 595 16
22346 25057 14
13866 15605 10
7625 28407 10
7176 5570 17
23473 5720 11
22271 8382 6
1286 23791 17
18452 23441 26
13593 11000 45
23225 19250 11
9281 10021 27
9211 16480 10
19634 3158 8
26355 12959 10
20348 28108 7
7727 27980 3
11076 22846 15
24484 8280 35
21549 764 15
19604 21068 18
5569 12755 38
4385 12695 8
2919 7873 10
2214 8061 8
15937 18562 12
10316 3492 14
19638 3487 14
26628 20656 26
14879 1031 18
1161 6125 27
19208 18785 14
11116 6569 30
390 10741 7
20678 22463 31
8069 18000 42
11302 9767 7
26902 20031 12
13680 26624 34
19850 14675 11
2127 18402 35
28999 28999 -1
21571 23633 11
28594 5570 18
1347 23566 12
24610 13609 24
24327 12321 41
12342 5469 7
3796 7734 24
14794 17118 15
18213 28839 13
22276 8600 7
8550 4007 24
22224 17991 22
22410 25089 29
17887 23590 9
28652 16444 9
4127 1846 8
9303 14188 21
9902 27712 16
19132 15650 15
4794 23492 44
174 25692 13
4722 28590 58
9718 458 52
1603 4547 27
21587 23521 37
27908 17570 36
8206 1846 8
18937 27184 11
22838 12132 22
24399 17526 32
22318 1927 4
28055 25300 22
4037 878 12
7115 28398 43
23563 26894 22
9676 14721 18
11053 23223 21
456 23259 18
23921 20726 7
26007 8488 43
9188 25073 10
28177 28987 18
27543 21711 13
20009 27198 19
12470 11762 6
7597 14423 38
5050 12105 29
2426 16965 18
2584 5376 31
14208 24161 69
14518 17618 14
5951 9675 37
16324 214 5
23590 27825 7
17753 28694 14
27542 4616 6
23223 8776 14
8243 1421 14
8988 14158 13
3302 1261 27
4200 661 20
13506 5376 30
24759 20318 20
27728 4745 11
6233 9234 11
24849 26504 14
27480 6555 14
9348 23048 9
22141 17412 18
26805 22881 10
11971 4147 6
1042 18992 15
1685 16881 24
5350 19360 17
2086 5699 30
11023 2198 8
27768 15117 14
10253 26460 17
2272 12109 12
732 414 28
18872 11299 5
19135 5479 32
12753 8620 9
21577 11069 7
24253 24956 6
13481 11482 24
203 15235 9
19785 18872 10
17638 19079 13
11027 8322 28
16833 9055 35
86 21094 17
20247 18872 9
7902 23921 8
11755 20998 27
26965 23922 15
7071 16119 26
13609 17570 21
27984 5417 9
23314 23566 16
27797 10303 17
12180 12450 27
25337 9767 8
26915 27712 15
18354 15199 26
19648 3769 10
3800 27163 12
7501 28309 8
18303 12380 10
5501 7131 8
26952 7131 8
12572 12851 9
18756 7220 7
6072 17890 23
26762 1343 6
26970 25786 42
28648 27294 8
7897 15410 18
233 24235 20
8121 1766 24
11238 805 9
4714 18937 12
9096 26308 14
477 23923 24
28111 27669 8
21254 595 15
27272 381 16
9203 20009 20
13676 12628 18
8245 20088 5
829 585 11
24685 22004 34
27986 471 15
25826 23230 27
23449 25323 5
22054 18657 21
11222 7777 11
26936 6501 60
13768 25323 5
154 15958 12
17394 15271 8
3177 1255 9
23208 7381 13
4211 7203 7
7927 27157 15
3667 21254 17
13086 6375 43
24189 27548 34
8885 27235 10
22004 18783 27
17757 4259 34
4840 23761 6
27715 18992 26
23036 5921 14
17157 8862 24
14284 10741 12
13024 3094 24
1033 9976 46
21626 13158 36
15235 2643 8
28178 28691 5
22474 5495 12
2517 764 16
16688 25426 8
11365 10016 19
1334 3158 10
24606 26894 8
4643 16480 8
17783 14675 12
15944 8792 8
15951 9382 14
12064 5215 26
22512 15605 9
5458 19736 35
17339 8223 14
19269 26135 18
28356 13578 10
12262 8107 69
7220 1927 6
18800 573 31
18134 27163 14
15686 24751 61
28965 26424 9
12089 132 12
15184 19371 8
16458 2676 10
4522 12630 3
15477 114 9
18372 316 21
23566 17004 10
10138 7873 10
19192 16227 10
8098 13475 10
22591 7188 71
11986 21460 8
15161 28999 0
1669 25360 24
6121 11910 9
14946 5522 27
11070 5927 13
28119 14721 20
4622 4220 11
9486 14107 12
11420 6072 24
441 3573 22
10499 3302 28
25410 4948 10
2744 1383 4
2506 17839 9
2151 25426 8
16327 26767 10
6747 18800 34
23492 25796 30
26521 6437 21
19331 27764 14
22695 3982 7
2799 17618 20
13941 22318 7
25413 18810 11
13568 19223 8
5159 26543 6
4078 5469 5
28693 24610 26
20067 125 26
18650 27669 8
14744 18076 14
18959 3542 15
376 1212 5
4302 17618 14
8078 7217 15
20470 19625 3
8010 24049 35
10438 8719 18
8322 373 26
6763 3998 35
1510 2965 27
5004 10313 27
598 27905 6
15331 2794 8
16772 16668 10
17025 7873 10
16552 14107 7
8419 2847 13
8796 7197 34
28239 24384 22
18497 26314 30
21611 18879 27
20282 11411 13
28511 23544 11
27998 1927 4
24751 24263 60
10021 10744 26
2276 10542 43
9464 17293 8
20885 7520 32
6569 16744 24
17554 27163 8
25578 16990 6
12476 2244 7
25948 5890 8
349 25249 11
17119 8776 10
16359 7348 15
7103 4809 11
3816 4007 23
5926 4794 46
733 17118 16
8606 4319 40
22542 24660 15
27717 14786 14
11394 23377 44
14669 28841 16
13201 4840 23
12407 25186 31
10607 12099 8
4443 6431 29
12705 10844 16
26024 16528 9
9870 17840 19
879 14107 5
23337 117 24
4827 27080 33
18145 15650 10
28590 8650 51
15369 16358 14
15847 8382 7
17414 7236 12
22165 5257 21
11527 26503 10
5929 434 15
20307 21611 35
24721 23336 11
14188 15180 15
18270 12064 28
13122 19360 27
24660 8 13
14998 26308 10
8189 26423 11
16319 15459 27
26005 17366 25
15907 22271 7
16521 27799 8
26749 3304 15
28364 25136 14
16564 18050 3
10892 12490 6
20088 10355 4
9993 14107 10
25700 16668 10
4616 16563 5
7127 28041 17
27557 17788 19
6364 2975 6
5570 23458 13
1434 26762 7
17152 15556 6
25360 13617 15
13862 28474 14
3295 24383 14
1768 5567 39
27087 2517 17
9251 114 10
12339 6066 8
9564 15199 27
15758 14458 36
9382 21012 13
10467 558 34
9300 7734 25
18267 4636 10
4016 5471 17
15410 16509 17
14492 25911 4
6066 16563 5
1826 7646 22
3689 15970 14
15883 17416 32
16146 12942 8
19095 302 12
7498 11327 14
21361 11597 12
8704 23245 44
9774 27669 9
16566 15928 19
9051 373 25
26308 12772 9
14766 22323 42
1120 1945 13
1391 3416 32
17896 8965 27
22533 22463 31
26281 14002 9
708 16308 21
20613 8098 18
26894 25323 6
26116 434 15
4332 27480 15
25377 18548 27
17866 1822 16
17940 26012 7
14047 17570 29
2778 15161 5
17488 18168 4
15916 23175 6
12419 28041 16
26663 9300 26
20129 16948 14
5030 21664 22
10206 27095 15
12673 12585 16
3893 28965 12
24470 12262 78
26089 20428 34
11453 23802 10
11836 16480 9
3157 11000 49
28553 9647 6
2503 3158 7
1567 23670 11
12816 4768 19
2741 22388 14
18479 17570 22
18699 15313 15
2172 23449 8
8233 26012 8
28275 9158 11
16668 2503 8
10288 3428 34
22507 22318 12
508 19047 5
764 20933 14
26166 24187 31
26563 8600 8
11849 27825 9
7224 13559 27
16227 12959 9
6062 28474 17
28466 23670 13
22388 7438 6
8403 1510 38
11069 3158 5
23599 12585 16
7027 14992 7
12287 14158 16
18322 8600 7
19074 17980 10
28284 10673 32
11157 26424 10
25019 26616 15
26868 16949 7
20325 17150 16
26774 14013 22
1279 12121 14
27258 21094 24
23761 10741 3
25861 11000 44
27204 12772 8
28309 23449 6
18789 13559 35
17483 7219 17
25975 21352 12
17634 4473 59
20149 1325 20
6465 2571 11
10590 21938 15
1718 28528 9
7648 7900 10
22948 22700 13
25675 6555 15
5552 25073 11
24382 17041 16
17785 14603 38
9418 28356 13
21529 15790 8
18767 20116 29
3316 928 11
22746 27083 17
10980 4007 24
7221 19625 2
5258 21498 10
5927 10741 8
13432 1150 15
10458 27506 17
16934 14205 19
28765 5458 37
1508 17788 22
16199 28407 10
5106 10741 4
501 376 8
9128 28395 43
12864 12122 14
26714 381 14
8488 10321 41
28377 15907 16
17285 9492 14
14770 27584 18
3593 17545 10
8719 6784 17
15459 22110 26
22212 26423 7
16008 4413 17
8833 18992 20
7192 12732 64
21909 10451 46
28664 5469 14
7052 18426 23
12490 16564 4
10744 21578 25
16709 12184 17
19557 19634 10
5479 7463 31
9551 4047 51
13888 12940 18
16148 12142 16
28919 15170 11
20249 11299 5
960 20367 9
10284 21961 11
21389 7203 7
27690 4091 17
25603 5531 31
15889 3780 19
4377 16308 28
7217 27346 14
27333 5483 17
14626 3158 13
11 8623 41
15785 27799 9
10844 28474 14
21683 763 13
24546 28691 13
6287 3018 41
6894 3177 11
11977 25024 17
20624 15042 25
21526 7188 64
8521 27313 14
17837 8189 12
2710 381 14
18169 17004 10
3443 6755 29
3422 19841 13
22171 22261 27
27964 12783 17
518 27542 8
27380 28828 20
11015 2997 85
2676 19625 6
13154 7203 7
23259 19784 15
10506 8885 11
15958 23590 11
23700 26355 11
2888 25534 14
22098 10493 81
17570 23825 20
20983 17858 26
5235 4554 17
5469 13622 3
19227 25073 10
22396 9889 10
16744 20744 18
4415 10776 36
26593 22474 13
22959 7071 27
20155 11578 16
9986 74 13
8977 5599 14
8018 8076 34
2262 16456 13
21388 25078 15
9305 24484 36
17336 17350 12
8926 13495 32
18140 27163 12
4661 25138 6
3663 8863 12
23407 22507 15
10355 28999 3
21230 19270 6
1096 14596 9
20022 20282 14
14170 5830 12
23236 6098 14
2087 1492 26
17031 12236 28
2628 28178 7
2317 19223 10
21264 12384 15
11021 786 23
11213 20240 6
20933 25909 8
14023 5675 18
13066 7412 6
1677 24253 8
3573 18215 18
22970 9994 45
9556 1510 28
21952 19275 8
2938 4836 21
7693 17488 5
26545 16392 11
20881 7221 4
25562 6951 26
21012 11037 12
22425 434 16
221 19549 16
651 4445 10
5619 22522 15
13963 27480 21
18425 5069 17
20896 2716 12
16187 14404 31
2977 2696 41
19191 12361 37
28011 22038 15
27074 10625 19
20910 11823 10
6165 7734 31
7395 26009 20
7175 1866 10
18566 12284 18
22173 11302 10
17805 17399 14
27241 5157 15
24559 3158 6
5773 11626 19
16174 1766 22
22755 28177 24
14247 10590 16
8602 26423 8
7119 7145 19
26591 26355 11
4013 1334 11
9517 22046 14
19864 15839 7
23093 6784 16
23326 10206 16
17217 3816 30
25692 8132 12
15927 4948 10
12321 25838 37
28148 598 7
22543 23094 20
14297 16128 7
16079 14386 11
7697 28466 16
21460 24253 7
27403 16873 37
4757 24069 22
13215 1030 27
6799 16121 14
28923 21022 18
8922 25359 17
25042 8737 14
26223 15833 18
9002 870 11
6262 13284 6
16480 3158 7
26210 23470 19
3105 27123 26
20830 4836 15
2944 21578 28
27943 6364 7
3521 14239 27
7343 20311 11
3484 4617 10
2097 20998 25
16435 850 21
13159 661 20
25977 3573 19
7438 16564 4
4554 21254 16
14236 17803 15
5638 13390 17
6524 22507 14
2504 1927 2
12620 19360 32
23059 24234 15
8574 23146 50
18089 15839 6
16509 22212 8
3158 11658 4
10663 5961 7
4482 15110 3
27315 7517 11
2712 28868 6
21428 1987 10
11416 12783 17
4746 16564 8
22048 8863 16
11874 86 20
558 12236 30
4220 17004 10
1143 4601 4
1534 5269 8
26112 7463 37
9712 13711 9
18275 27235 12
2198 26894 7
15084 12335 32
10524 8796 42
18606 15323 64
8776 1052 9
5622 27163 6
9831 12206 33
28479 6484 6
26036 15249 18
16533 12959 10
13634 154 13
6479 22346 15
3401 21264 16
17503 8650 47
12131 24559 8
23217 18015 6
12121 15184 9
15381 10590 18
5303 18911 28
530 7065 40
4992 1927 3
14780 1150 22
14155 16563 6
16119 20998 25
2580 1182 33
19056 17526 25
850 27506 18
12014 9055 41
4534 19549 14
23669 4445 7
1474 12252 12
256 16509 15
26100 7547 8
9759 17741 38
20503 11324 59
5076 8600 7
12186 3365 23
13572 19112 12
27592 20240 6
25324 23791 19
16767 9111 24
14239 7001 25
9199 20750 14
3754 9744 35
25318 26334 27
12233 4765 11
1355 5522 26
20823 9319 11
3953 17357 10
23825 14868 19
9490 21022 26
26884 22507 16
25024 8137 16
25109 381 14
13711 24956 8
15760 3397 49
4745 8776 10
10825 27087 19
22731 1131 52
15527 20983 31
3811 13158 35
27506 19196 10
8863 23192 9
4890 4127 9
3293 5215 26
3397 24182 43
9726 15605 10
3444 21428 17
373 18603 13
23192 1255 8
7365 10892 11
6226 13768 9
14386 19634 10
26658 11453 11
11410 15646 6
14044 16480 9
27568 23587 10
13908 6413 14
24917 13941 8
12638 12628 13
2394 15477 11
16755 3724 12
6581 12384 15
21718 5522 30
1487 27825 9
15677 8084 12
11000 11 42
11326 17991 17
14377 19192 11
24747 2099 30
27669 1846 7
6551 4612 4
6761 15323 63
15099 5165 8
14404 14239 27
26504 74 13
18495 20087 16
10678 7065 43
16673 21550 16
24238 12771 28
2685 3576 10
7622 13935 74
3018 12407 40
27926 27531 8
28764 10617 21
11799 27163 10
13408 9976 54
13275 5489 11
8772 8523 36
1179 4470 12
12390 1334 11
12779 14357 41
8333 508 8
8862 23923 23
21049 28915 31
4304 4534 16
6857 8266 21
20750 16730 11
1083 8137 17
6760 21428 11
2854 11578 16
14042 14626 19
17475 22948 16
53 18566 20
28915 573 29
1078 7843 10
8 25108 11
19685 27825 16
11230 15180 20
4679 26009 16
7145 19700 16
1465 11294 9
11550 23252 11
27713 28111 9
13158 16294 34
15042 591 10
15971 26354 20
22380 4482 4
3910 25721 6
6533 74 14
26804 9346 75
5921 7412 6
3558 7154 16
19380 2151 10
21790 23590 8
7921 26714 16
11926 17451 36
805 24289 8
25089 3293 27
6784 27768 15
12663 14603 32
8792 25721 7
21974 5344 30
22106 9221 10
7124 11094 16
21687 6701 15
25300 4768 17
10424 14998 18
15460 24759 23
17788 20744 18
8303 11037 13
22881 16552 9
3730 8482 8
13818 25159 17
17391 9895 15
25342 14844 14
23082 19689 35
25262 21529 9
7348 4807 10
11090 15884 17
2597 26686 12
7562 1061 19
26240 27368 11
28509 2794 9
5057 3158 7
27095 15117 14
13494 1414 27
25641 23259 18
16425 7103 16
3721 4765 11
20246 14404 32
17618 17118 13
23788 458 44
601 28407 9
1985 25337 22
117 26353 22
23429 14792 14
23183 13609 23
21578 20647 24
23791 3542 15
5944 12940 17
27823 23458 16
16896 5489 13
13145 12236 29
16962 25911 3
9805 26012 20
5052 15099 13
24712 13024 25
9994 4259 34
11940 2519 16
19783 16521 9
9639 21012 14
607 4746 11
26032 25499 21
17901 2710 21
7728 8132 11
28828 5338 18
11439 9251 19
1512 9990 10
20795 21970 11
317 5469 4
1062 17025 12
21680 26 9
438 7806 20
22015 7251 14
18559 805 13
26012 9686 5
19496 16668 10
22192 10673 32
12797 12959 17
480 16533 19
3576 13578 2
8620 3982 7
13845 4203 7
11825 15159 26
20854 14985 19
9744 5205 34
17315 2628 8
28868 4612 3
24325 27202 23
88 6364 8
28645 1052 26
18839 9993 15
11454 4840 7
25312 20472 16
20439 11453 12
13578 7412 1
2913 18267 24
8692 26503 10
15249 22821 17
17739 19121 41
14116 25612 56
25458 25911 7
8162 12579 14
13529 24881 21
21711 17304 12
16297 21130 20
17060 22522 12
16882 3542 14
18231 7134 48
7058 10316 15
4717 22380 13
20589 11000 43
26910 12122 14
23810 7902 24
9029 23996 27
25253 19114 15
1216 19634 16
2847 7131 9
23839 10590 17
23531 17857 11
3880 26739 16
24670 10942 16
2789 1803 9
8038 24530 19
13925 7734 24
24069 18498 21
9291 25680 34
23417 24747 48
15170 4601 7
4445 9647 5
2907 14740 13
18787 2888 21
2579 23770 10
23526 21389 20
4853 27614 25
23886 6183 11
25198 26703 15
1389 5522 25
10446 23241 3
6185 25109 15
6765 26334 26
25057 24659 8
12316 19861 17
9491 23322 16
17412 27506 17
23640 10886 33
24303 8620 9
9001 9647 12
9516 21970 11
15618 19634 9
28637 10140 16
23180 7188 101
25517 10321 42
3214 22743 11
6603 2847 12
23495 4304 17
18050 15161 2
5376 7063 29
9503 11836 14
27748 25559 28
12093 14701 9
22765 22666 24
14186 2617 12
26955 19842 27
20804 23770 9
18752 26024 13
18033 13738 34
12436 10741 6
5952 27201 30
24986 2167 29
11480 6199 8
6617 2337 43
9686 15110 3
22292 7624 19
6710 8550 27
28699 9614 13
8022 27202 20
1150 17118 13
8084 21428 11
14368 12851 8
7253 17350 28
1069 15170 10
13921 5469 6
16155 8 15
24680 12628 13
2794 19371 7
11952 8538 21
11852 18215 19
6899 27153 26
1145 26729 21
13555 23495 19
782 23802 15
6556 18872 8
5740 19275 9
13509 870 14
4601 1927 2
21664 26511 21
25663 376 7
25621 879 7
1010 27163 10
6111 13768 6
7260 6556 10
9532 17293 7
15926 7928 12
1974 8792 8
7412 28999 0
9084 14121 12
24666 4091 15
399 2643 11
25061 26591 12
4203 23782 6
26692 12781 7
4195 1752 5
20744 23259 17
22592 3047 11
4113 28462 12
7547 2244 7
17240 4534 16
26931 23894 10
24878 4809 17
9115 3467 16
28245 19196 10
9512 26331 23
5846 9199 15
17333 18611 12
10942 17118 15
27657 1487 12
16444 8735 6
11170 10725 32
5675 4534 15
9197 24956 7
28841 11844 14
11704 13990 12
26380 17582 14
20071 26970 43
25743 16584 12
527 22348 11
2837 19549 14
7505 23761 7
18468 25057 16
19280 25826 31
26511 4332 18
16116 4061 11
27969 4643 10
16626 1929 11
16128 8382 6
25704 5971 12
21457 25339 33
24235 2821 11
17009 11398 10
28116 1822 16
24017 8602 9
10871 434 16
7875 10506 12
13936 25073 12
27269 5435 16
26072 21982 45
21818 16324 7
15608 22348 11
6334 14010 29
5101 10016 10
7858 11569 18
15872 27531 12
7019 1673 19
16810 20439 13
18174 26165 10
9594 3158 6
28814 16508 14
7647 23258 16
10673 4200 24
12825 3158 8
2135 13578 2
26009 27480 15
10121 13552 33
4010 12695 7
21970 9614 10
26686 5417 11
14792 22474 13
22546 1603 28
26801 14596 11
4286 22080 11
2167 5215 27
8951 16324 11
24990 13905 53
8533 16564 6
10725 18426 29
18509 22666 24
16392 17857 9
28401 23816 26
28839 7175 12
4251 25412 16
22046 3919 7
21039 21388 16
5069 23744 15
13056 1143 5
3710 16460 25
15497 25539 13
6370 19745 23
4893 23922 14
613 23245 43
10442 22446 18
7464 24187 30
20529 14188 20
20639 5319 12
5489 18696 6
18473 12233 12
21139 16949 8
11445 26932 11
13028 9155 25
22463 28915 30
27108 23923 25
2643 26645 5
7095 10886 37
12126 7693 10
18966 8885 12
28475 17366 28
13390 25499 13
7680 16674 14
21550 25109 15
1752 13578 3
17717 27157 17
6653 16480 9
26682 11090 18
28829 20970 13
22682 2519 17
23670 17554 9
9990 14107 9
11465 15825 11
27069 27943 10
24086 5806 14
7275 26931 14
4494 23567 9
22727 5344 45
18680 2778 7
1492 17041 21
14740 18810 11
7441 17328 39
10567 26952 9
14606 13494 84
11264 13816 26
17827 6701 12
10741 15161 2
15749 7520 46
11844 13941 8
24296 16121 11
12043 16949 7
16586 15661 8
2635 27825 11
24018 19788 9
17399 7924 12
23656 16531 13
27121 1143 7
7053 5716 5
3343 4840 14
4461 4764 45
7944 1487 14
2739 9211 17
2279 25004 24
7062 14180 16
6401 15801 24
17963 1627 27
6170 8776 23
20062 23499 15
11482 4855 21
11776 2821 9
16856 668 14
11168 3766 48
12300 10744 29
20702 6555 15
17567 15790 8
18806 3482 8
2788 14002 8
6835 8435 21
14357 23492 38
12361 7009 34
17857 126 7
583 10138 12
10345 16533 13
19867 22675 10
5678 1677 9
2074 7063 49
291 24048 13
23441 28416 25
25323 15110 4
12756 21656 8
25108 601 10
208 19828 17
27805 3018 44
567 13617 16
20442 8562 22
7809 24353 27
3680 16675 5
6468 24522 17
24695 12825 13
2244 23449 6
12990 15117 15
12579 6073 12
24112 13154 8
1176 15648 25
15333 26012 8
19233 20088 5
24543 21234 12
27712 434 14
19379 14748 25
19549 434 13
12394 21060 10
28473 11235 6
6462 8255 20
27905 23761 5
19749 15264 17
11202 21012 13
9089 3492 14
22201 6524 16
74 16017 8
7134 22615 33
6387 7707 9
21975 24463 40
13756 9075 10
25539 23802 10
585 9594 10
7492 8623 47
2165 19269 21
4514 16774 15
20608 20249 6
3334 7287 16
8199 13068 8
16439 26242 26
13307 12815 13
7418 22682 18
16769 13675 10
21677 18071 25
15309 6364 9
25786 7463 32
426 19549 15
28961 3846 15
12475 19557 11
8477 7809 28
5727 20983 29
25949 13494 40
11402 11482 23
628 28474 16
2065 25339 33
4768 15117 15
12585 4091 15
22280 25331 10
17852 13494 44
21632 3848 17
8008 19680 17
5563 15165 9
5961 25323 6
2722 2317 12
7900 4617 9
19300 25700 11
27089 2788 9
21794 18874 23
27083 7927 16
25615 3663 17
6759 23566 12
995 22695 12
12099 10129 5
28717 4616 7
23258 4836 15
27759 16008 19
2382 6488 9
16181 26504 14
26706 26399 12
15646 23782 5
8735 15110 2
8739 27163 8
14905 7220 9
18116 1846 7
24071 20116 27
18986 8132 12
17283 15161 4
7725 21604 41
17063 891 15
14175 1401 25
12182 9084 14
19337 12851 9
10248 23886 13
14585 5435 16
20421 27020 41
24644 28953 28
10455 8602 13
2303 6887 15
13859 8482 4
7168 23370 10
7882 13862 17
2729 471 16
8733 11037 20
14415 8098 12
13113 11762 7
7924 17101 11
4898 20854 20
119 4316 18
4604 28245 12
3421 23700 16
19436 477 27
18315 1547 14
1687 17741 27
4809 22318 8
14209 6131 8
13473 27089 10
25113 25796 30
20472 1366 15
25984 11448 17
2 13158 41
36 27049 9
16381 15779 9
12815 6183 11
12322 15369 21
21656 10604 7
23889 17312 11
4091 399 12
50 11453 13
5112 983 74
11188 11569 22
4212 13066 7
1702 15249 18
26021 9531 37
20403 21648 31
19784 4413 14
20013 23825 24
2951 16294 81
24939 7131 7
4395 16661 33
595 19549 14
14107 10741 3
3859 7163 20
7195 10629 12
1278 27020 35
11768 6072 25
14233 19202 13
21277 28919 12
21973 1143 8
2900 26281 14
6199 15661 7
24433 27984 13
20482 11199 12
3227 25675 16
24353 12517 25
4316 22846 15
23633 19634 10
25847 26050 29
7044 7075 17
7336 5929 16
7245 6574 41
6189 20474 5
9978 20254 10
14294 10980 29
4970 11701 43
750 13089 14
11079 16604 45
3273 5469 5
22615 25811 32
16329 1042 18
3304 13626 12
23744 17118 14
10269 20887 19
10776 27080 31
12248 6761 80
27180 11094 14
9267 8558 10
19773 6111 8
8927 16339 10
25665 5376 31
13652 23567 10
10315 6865 68
11784 9614 14
22820 1414 27
15779 27669 8
16358 10138 12
8825 19607 9
2519 15117 14
21447 9446 26
23260 20215 27
17175 28645 27
7444 23587 9
4034 1822 15
16012 5622 8
6501 12517 26
13199 1366 23
3479 11852 25
16674 15165 13
25696 221 17
12335 28915 31
6756 21460 9
1073 19700 19
10333 2083 8
8107 21526 66
20815 5057 9
2869 733 19
9819 14357 42
12132 11874 21
12109 25539 11
18305 2198 10
18215 17991 17
15630 6364 7
13382 10121 37
15970 22512 10
22419 7163 20
2194 19343 77
5886 7438 5
22132 527 12
27024 26881 10
7646 4113 13
7470 12771 29
11107 16962 6
5591 8914 19
23779 20951 16
125 6072 24
3482 3910 7
23780 20752 33
8538 21091 6
1890 9251 11
7026 26965 18
17803 3542 14
8512 25337 10
22700 25539 11
7777 24559 7
24445 23825 21
22762 20466 35
3766 4658 46
12851 28178 7
24350 2125 9
28186 17526 25
2617 9234 10
24431 10373 11
8622 26 12
18402 2430 33
20656 23923 24
17350 16533 11
14159 14992 20
132 2789 10
6937 2244 7
17843 21254 16
24287 19644 14
16730 8558 10
13622 15161 2
19367 28401 31
23458 19788 11
3165 20744 18
19624 11000 67
12425 16749 14
11551 4091 16
4640 20088 13
18911 23697 27
1604 25594 32
6701 522 6
3423 28839 16
14467 2214 9
20290 28232 27
67 805 25
9483 16563 4
27375 24956 6
20628 14868 19
18158 23670 12
8376 6763 46
7128 6524 22
27247 4220 11
6418 17757 36
11735 1666 26
13033 9532 44
12184 4034 16
27760 2300 16
5467 7734 26
17204 7777 12
10684 13572 13
4764 7463 33
5103 7441 50
25968 11037 33
1861 11910 9
27960 9638 28
26110 11453 11
2989 23217 14
1012 5057 9
19217 20804 10
21604 7070 40
7077 4193 17
16151 26624 38
23802 13578 9
6369 20174 21
16917 5488 13
19840 7806 16
23078 13495 26
13438 27975 67
9963 4714 15
8132 8739 10
787 7756 27
9740 4208 32
4888 25447 12
7491 18425 18
661 14868 19
9174 19828 27
6661 5727 30
24337 12816 20
17582 26894 9
19275 16949 7
13733 19667 13
8618 25326 22
21033 1763 6
4780 24018 10
4849 15344 26
10147 12779 47
19259 27984 13
15839 19625 3
26711 16688 9
14596 5890 8
6828 12490 7
5663 23761 16
17550 16068 42
23706 21975 42
11887 25977 20
7535 9758 31
11877 12779 43
5023 28915 35
16745 5417 16
2099 14239 27
11246 7928 11
12051 10316 19
27656 17434 16
17839 24253 8
12450 16774 17
2609 7902 15
4060 19894 18
16502 25829 16
13559 9300 26
14274 9316 5
8266 25977 20
23329 7463 30
20886 12815 12
22805 5215 26
22269 10404 10
25912 1713 18
8628 21571 12
1182 25603 32
4319 21622 34
18011 16128 10
1031 763 12
7688 21389 21
11691 4893 15
23664 565 14
18005 25073 10
4303 14274 7
26334 23923 25
6048 2503 13
1131 8623 43
4547 1336 26
27246 4754 7
24304 4200 23
17293 3273 6
17424 21173 7
20824 4286 13
11490 24216 6
12755 21067 37
17840 23761 5
22683 10744 27
12142 26591 12
4063 22419 25
20675 24956 7
4541 5830 12
28754 20933 20
17953 12940 18
1673 19979 17
19861 22271 7
5120 20854 20
18863 16411 59
19202 3177 11
10459 9258 14
12389 6506 12
18599 8550 27
23285 6091 21
2499 8533 7
2128 28999 1
14162 24956 6
15033 16618 31
15546 7145 18
1016 5047 14
21522 7219 15
7618 28190 25
26946 6462 22
21943 18015 6
21483 21526 65
12105 11162 28
15648 3542 15
28953 4717 25
21887 2276 59
26163 4534 15
13966 9281 30
4633 3769 9
20726 1927 6
6853 2504 4
11537 14173 14
20144 1627 26
22687 23590 13
16873 23492 33
22058 28841 15
28771 125 25
7747 19986 11
5953 5488 15
16661 17526 25
17118 4809 12
22217 11106 7
24257 28407 10
4982 6066 8
12932 4891 11
9972 28652 14
21115 126 11
15605 5057 8
14097 18497 33
16248 1176 26
9245 18806 10
20367 16949 7
6091 21094 19
13567 23225 14
3008 11119 17
5766 21973 18
3542 17118 13
495 9267 20
23248 27540 23
27725 18911 28
25331 28553 7
8507 3576 13
4391 18992 16
26331 12638 18
5104 22846 16
27646 8521 16
19114 24425 13
10152 25341 10
15488 9174 36
4839 13862 15
22268 11069 6
24913 23654 13
10074 11335 29
19750 12825 9
10182 10284 14
1666 19841 13
27368 15605 9
2616 3573 19
25428 16810 15
26063 12695 9
339 9300 26
7205 24739 74
18835 4722 60
10569 10467 36
21980 28369 18
19158 8132 11
2207 18992 27
17685 16804 7
28108 12630 4
27202 27823 18
5860 3177 11
6153 20280 28
9062 13859 7
5293 24926 18
11651 11126 30
6005 16668 10
13626 26931 11
22570 26281 15
28887 22970 46
970 11037 19
19744 26658 13
7487 22746 18
10016 4078 7
1204 20998 31
5247 17488 7
13594 8477 33
25983 22268 9
22461 28474 12
22597 1553 48
1995 6551 6
25073 27163 8
1929 6488 10
697 3579 15
24970 28190 25
28113 16509 10
5165 14274 7
24728 3492 14
21173 6025 4
21060 20881 5
16191 19981 22
25027 4522 8
25680 24187 31
15138 8600 10
381 28474 13
6705 24248 10
17822 11299 6
11626 22507 14
14992 8600 6
23922 28848 13
14490 25621 10
21767 9639 19
2746 25426 9
9647 214 4
4259 7463 33
1006 8381 49
2975 27800 5
22522 3177 10
23654 12851 10
13466 11213 7
27975 7134 63
21651 16444 9
14105 21167 29
28812 8482 6
2337 6986 42
6152 21577 9
26648 21306 40
23915 2854 17
9937 18696 6
8714 7009 34
22145 5165 14
20351 1261 27
751 8602 11
18254 12705 20
14015 5338 22
20646 17118 14
15344 13495 22
4891 23065 6
5454 10313 28
6196 4482 4
22783 25663 8
6488 15717 7
6018 9594 11
7281 21604 41
27201 4007 26
10958 7027 11
23505 2243 22
4671 6152 13
2647 23192 9
4132 5699 31
22080 17554 9
3848 21633 11
22003 4840 7
21352 10745 11
6431 1336 27
3525 16749 11
17421 22948 14
599 28407 10
20541 7103 16
22958 13494 88
27614 20998 24
25565 1766 13
5351 8189 14
11777 23706 44
20215 6951 26
19360 10590 16
18874 17394 22
7879 25300 22
15727 9676 19
22121 14939 20
9109 23470 18
10513 13443 12
28064 14155 34
24161 4259 42
6895 23744 18
3682 50 15
21030 5376 31
386 3157 50
15199 23697 25
6755 3293 27
10729 9594 11
4948 16688 9
1072 26165 14
9614 22212 9
17932 20408 13
27954 27506 13
25447 11453 11
15145 5159 8
302 16324 8
3454 10225 27
2447 11980 9
5005 27712 17
6911 23103 50
23255 10240 17
11485 15438 20
3218 20403 32
22518 15249 19
18744 21139 9
20752 4209 24
17626 16191 24
1336 9155 25
6283 22765 38
7733 1766 15
6887 11559 12
555 17545 11
16903 24505 65
2893 27315 12
7314 7517 11
25067 16810 15
24415 12695 7
27049 7547 8
4120 3680 9
26932 114 10
24889 24855 26
7726 595 15
5531 20752 29
6850 11235 7
27284 18158 13
269 5338 19
15805 471 23
12653 11874 22
17304 28113 11
21094 1547 16
6485 28987 17
11811 456 19
18562 4467 8
28369 3492 14
8712 23567 9
25316 24257 13
24345 20647 29
12771 16119 27
18795 6589 121
1356 516 49
6864 17424 12
17772 5273 14
27955 7032 6
20727 20881 7
16482 3304 19
20099 23656 15
8192 28148 8
23558 20963 17
11578 21938 15
25998 319 87
27319 13201 26
23668 22512 10
13841 5076 8
14552 3638 10
28557 27202 29
20736 3943 5
25035 8206 11
12432 18497 32
25426 14162 7
385 25141 22
16609 21529 9
2355 15785 20
23521 1085 35
5344 1042 16
24004 26024 10
9976 12800 43
5051 25565 16
26379 2 46
5720 17567 9
19371 13768 6
18671 18139 46
11283 24018 11
15639 11042 55
6025 18050 3
27873 9993 15
25829 13941 14
19047 4992 4
19979 17618 15
1656 27131 7
7328 7734 26
1987 21173 5
2530 13201 26
4602 24193 5
19734 3796 25
25309 26355 11
10113 8 13
7197 27080 32
18409 13622 12
28542 6509 15
4598 18305 12
19869 22700 12
9895 26686 14
20323 6992 29
14652 22800 29
9919 17118 16
26273 10021 30
13519 11569 19
20513 5005 20
6167 6465 13
3804 21352 13
4025 8977 15
23952 9675 29
11862 8776 19
8506 21167 25
17041 28839 13
27829 28113 14
12477 1746 50
8505 23780 42
20493 2676 11
5718 28356 14
16877 11547 34
17673 17152 7
2083 14107 4
26320 7045 12
12236 20752 27
22083 9740 33
10800 8602 12
4855 7624 19
26249 555 13
11278 27873 19
6239 18158 15
11387 22881 10
3094 17890 23
4767 20405 13
3727 22276 8
13852 27272 20
20981 18599 38
4542 5489 8
28249 23825 28
17687 23923 25
12284 7131 10
135 6025 6
11618 21167 25
3597 9085 11
23345 18879 27
23187 4482 13
24216 18696 5
6859 13122 28
1631 27333 18
10503 27480 15
20466 21648 31
24426 11453 11
16281 14458 39
6125 12206 26
25095 16097 17
25359 27712 16
23894 1052 9
5890 19371 7
5554 8712 10
24187 26097 25
13078 20283 7
14894 11326 46
6131 17331 7
12500 26331 21
11609 6196 5
14690 8477 37
7121 17424 12
8914 28999 5
5471 4534 15
12796 17025 11
2063 15488 54
12106 24445 24
5488 22318 9
5265 19625 4
18879 7001 26
27772 573 33
27248 13158 36
8558 1803 9
5652 12608 14
11081 20963 10
24248 21400 5
4288 3796 28
11182 14748 20
23245 5376 30
4022 5319 11
565 21580 12
17046 5338 16
25702 22380 5
18482 12064 29
13990 14162 7
16160 26257 16
25540 11410 12
7819 20951 16
7123 13196 71
10867 16525 33
7775 4514 20
1383 25911 2
22005 21460 8
11094 527 12
22452 18071 26
11658 4601 3
23997 2128 2
14412 8382 8
12517 28993 24
24731 9002 26
3000 9502 15
18525 23587 10
1713 14188 16
922 23241 3
15793 1487 25
16561 2975 7
15774 20896 16
20836 1553 46
25527 12800 75
573 26050 28
7843 4643 9
19730 12186 30
20611 1336 26
11294 21460 8
15604 3919 4
19034 14520 18
16339 17610 6
11623 28369 18
8897 1154 11
15928 28821 14
21154 21620 13
22565 13323 30
28041 25109 15
21175 14357 40
3611 316 21
1547 6226 11
3447 654 16
28742 5929 30
116 18874 23
15087 11839 41
25845 16307 57
20970 8 12
9655 11550 20
2764 2794 9
13869 4211 9
4709 6708 17
13905 22004 36
14520 7806 16
24927 16744 22
2926 20750 14
25720 3492 17
17328 11402 24
26408 20283 8
6386 21836 7
1068 18460 25
4696 26595 7
6413 2919 13
18915 5718 16
12206 6221 25
19667 8863 10
9664 20466 32
20747 14740 15
25798 7858 19
21540 15438 20
20145 2597 19
16525 11402 24
27313 14740 12
22684 16480 10
8880 21460 10
13577 17027 49
17828 20088 7
10915 25019 26
28918 7734 25
18510 8010 78
26758 24916 27
13150 5069 25
8007 3943 5
21042 7843 10
28528 7131 8
3724 5106 6
28232 24445 23
18015 4522 5
13192 20065 36
26695 19700 18
2716 553 11
4760 11324 56
17331 4992 6
28982 20240 6
23073 28178 6
17951 17940 14
9767 15717 6
11657 16017 8
5200 8189 16
8137 2710 15
13738 4007 26
18974 3072 10
11218 8488 42
4193 4534 15
9756 8574 57
21580 21961 11
1660 3663 13
17150 2272 13
27143 24800 36
12695 15110 5
6424 5622 7
9985 2244 9
24434 434 14
13217 11037 9
4963 10321 43
12800 7065 40
11063 20752 36
19094 26024 13
5417 28169 6
1154 18322 10
943 15302 30
12731 22636 20
16508 16227 12
21086 11926 47
991 28200 12
18250 7444 11
20042 24253 9
6672 4013 14
4375 4855 28
23322 16392 12
12524 7463 36
22446 17025 11
19612 1143 14
16335 7766 22
8061 15905 7
27711 2712 7
7759 21028 23
22357 17857 10
20405 12959 11
11261 13859 6
13323 22765 25
11470 4760 72
27784 203 29
17596 11199 6
10537 11162 26
17425 19784 22
9459 7733 30
9607 6221 25
10769 22512 10
24800 22004 34
1030 9446 26
12625 17951 15
22821 4534 15
763 10138 11
4089 25578 13
22070 13089 22
12919 18213 16
5272 10021 27
8160 2503 9
20763 2517 17
23593 9155 26
4023 15727 21
22941 26628 27
21112 23742 37
19225 11000 49
15271 4445 7
18582 26019 35
11183 26915 17
27346 11799 11
25425 15556 10
27235 19634 9
20280 19132 19
23140 21580 12
11957 23492 84
27796 18611 16
20812 20887 27
24616 17815 13
28944 14032 11
4397 28041 16
4933 4768 21
7766 23599 17
3712 22318 8
21603 21175 42
870 7202 10
20890 24161 72
18952 6111 14
8437 19130 15
15133 17439 14
13892 10641 6
26395 8257 57
2434 6887 16
224 3094 48
21499 17434 16
19190 7902 10
16949 24956 6
6421 17283 6
12772 1846 7
17569 25113 34
10184 3919 21
2641 21175 43
17101 15273 9
17451 17757 35
3645 24434 16
26104 13494 35
28821 8776 13
4841 18839 16
1502 11294 9
25044 26706 20
6077 23825 27
28329 4302 15
7244 18903 12
27259 23245 31
23697 17788 19
3064 605 11
7935 22754 26
28844 1143 8
18950 24716 45
8600 3158 5
26050 24187 27
26569 16552 10
17998 26563 10
13443 2571 11
12380 14107 9
9182 12500 27
28407 27825 7
248 12608 11
989 8792 8
17403 8863 11
22744 21943 7
24926 3492 14
14864 20647 27
8274 4203 10
28987 23889 14
1132 4385 9
11599 13577 61
7520 11126 31
3220 27823 20
17504 16666 22
4697 6784 16
2122 21973 21
14723 17805 16
16675 21400 4
19005 12500 24
11911 14555 12
10890 14544 15
7743 7188 73
23230 28993 25
18498 4809 17
11832 4616 11
23278 17222 8
27472 23787 21
10928 14188 16
11126 7063 29
16011 22348 16
4812 17980 12
7057 18872 15
19788 4445 8
26242 22165 25
1596 6364 8
27492 22132 13
22539 4809 12
2401 9594 10
22840 20470 4
24364 2676 8
16732 17843 18
21222 1487 12
11398 13768 6
1763 4992 5
28089 10303 20
17086 7590 162
14971 21173 9
15963 25743 13
4175 27506 12
20887 28987 17
28646 21648 33
24980 13519 20
13686 36 10
1880 20611 29
1584 5488 15
9221 15916 8
24801 22666 25
16983 4855 20
28474 20933 11
24123 5612 27
12570 18452 33
7173 11550 14
12071 13552 38
27104 28502 13
26191 11199 12
9889 2503 9
24154 14162 12
24507 9188 12
9085 4617 9
4573 9531 35
24727 24463 33
5438 16552 10
20116 1176 26
6437 17152 7
9711 27998 11
2524 28178 9
15913 28539 26
13107 595 16
26269 26663 29
6273 13481 27
16528 20675 8
10662 26399 11
14787 4211 10
9140 21677 26
23632 19634 10
22057 26881 11
7624 4332 17
18827 17750 14
21622 14682 33
18139 10451 44
17615 22666 27
27233 22522 12
17340 16097 16
17278 12131 9
4785 25282 22
25038 21604 44
15700 28637 18
14995 19196 10
27586 18095 30
14089 28169 5
28409 5106 14
26739 12878 15
21910 8303 26
28634 26009 16
23309 14623 15
20169 15727 23
3399 6555 15
17416 17788 22
27597 11482 28
5187 26334 26
28317 2470 15
5442 4982 15
10087 12380 10
11554 12731 21
1774 4554 17
23931 11658 5
23462 8322 28
27548 25186 32
1353 8 17
14939 12284 11
28898 12705 17
22675 16146 9
4480 5901 23
9492 11797 13
19302 27095 16
21633 27368 10
4907 24936 29
18656 22735 17
22757 25863 24
11042 27080 35
741 6225 21
4333 12851 9
26129 28848 13
1849 7438 7
4434 9891 51
3951 2854 17
25186 573 30
20210 4639 15
28445 8107 70
24214 24626 12
25326 28794 19
24436 28999 6
18309 28993 16
12925 17827 13
12286 18168 5
58 17753 22
2696 19166 39
9462 23633 11
16109 3428 32
4074 15145 11
16958 25559 25
5443 27772 69
16636 23223 21
27537 7708 16
13541 12043 10
906 26191 13
1261 7734 26
5092 16319 31
7131 10446 4
18308 21648 33
27546 15235 10
1830 25042 17
2062 25061 14
5319 17545 10
26720 23566 12
5257 9418 16
25499 15042 12
3386 27002 53
26881 2503 9
4061 15605 10
4047 5699 29
25546 1143 8
22864 21460 10
4590 1510 42
8481 9330 46
21938 3542 14
7143 20301 10
23377 14766 43
11973 16395 14
7928 17545 10
24626 22667 9
9138 5344 21
6968 11162 27
3051 13935 75
19986 12851 10
27637 4872 44
11823 18872 9
17027 8488 44
7065 573 38
14469 14155 8
19169 6853 7
2465 13859 16
7003 10140 35
16251 24048 8
15110 15161 1
20301 4602 6
16241 18409 23
13981 26257 14
24136 25578 8
15315 16174 24
25800 28177 21
20944 253 34
25212 14044 12
9510 508 10
19659 26511 22
17367 28915 33
15961 3094 24
21445 7175 12
24289 15661 7
17610 9316 5
12381 16675 6
10404 13845 9
20254 114 9
18513 2744 8
20777 22080 16
15713 7070 38
5277 28089 27
16460 19659 23
9114 4034 16
5920 28111 10
3060 1212 32
12583 8132 12
24306 2713 32
24907 25108 11
3072 22268 8
17890 18992 18
14095 5716 6
21182 426 17
21022 6524 15
19841 26424 8
27531 8600 7
20293 22597 59
25141 25337 20
23649 25675 16
521 17234 28
19201 18872 10
27080 13145 30
4908 16509 16
6557 11119 18
24056 922 4
549 5417 13
13302 13655 13
14073 10892 8
780 25413 13
6236 4839 20
5750 28987 19
3345 7491 22
21092 6784 16
1285 26538 21
19354 22005 10
28679 24426 15
20647 5215 23
18838 17025 13
27157 6555 14
7083 11557 22
7670 14155 12
12384 24017 13
26165 25323 6
9573 28111 9
891 2151 11
23609 27964 21
8737 4470 12
4208 4047 31
17366 15180 17
22661 4989 90
19196 1143 9
2808 7081 48
15599 19667 12
9929 7873 10
27980 23241 2
12767 27030 21
24855 13978 25
8246 3492 13
5599 13572 13
15255 15033 40
27130 9560 47
25412 4534 15
23762 26603 27
3240 18134 17
5338 28169 14
283 24785 22
19533 20896 13
18516 7517 11
27002 10493 50
23932 25405 14
14796 2135 3
23383 1510 45
6221 17890 24
24622 19736 37
27123 5005 21
7876 20647 27
1222 7599 43
5707 27926 9
12895 16509 10
4577 6951 27
7689 4195 6
21184 26353 22
20150 16604 46
10900 12476 8
19898 16870 11
22348 4612 5
23175 5469 5
10637 3816 25
12170 23640 38
1346 12321 38
18071 4007 24
15754 15948 26
28085 25211 11
19737 17872 11
25136 22357 12
2680 154 13
23145 22068 81
23813 4643 11
7063 21648 28
1927 7412 1
5157 21428 13
22300 27748 34
26033 17828 8
20299 20215 28
15884 26512 15
721 1484 13
17991 23259 16
21624 10790 12
3858 8521 15
11701 27240 42
17387 16128 8
6939 3910 9
25341 24659 8
10371 19798 19
19607 21060 7
27131 25323 6
2856 5619 19
14115 12878 16
27762 20426 39
21510 11557 22
11034 21550 16
25580 11849 10
25159 434 16
6039 7175 16
11299 11948 4
5728 24253 8
3998 11660 34
9560 23788 46
10993 28717 11
6325 12783 18
19544 4780 11
14588 1510 33
8730 1673 20
17495 8914 6
15948 22260 24
26152 12772 9
17519 21938 17
2459 4601 10
19745 7028 19
10675 7927 18
10641 24028 5
18076 26881 10
24536 13432 17
3416 5510 31
13965 19250 11
20852 17157 27
25211 1255 9
16451 12572 13
22103 27163 13
23534 2717 16
19410 25911 3
7934 7314 12
13277 17550 51
3207 6072 28
3780 3467 13
11140 13511 21
11017 20301 7
18757 7103 34
1061 17843 17
23241 15161 1
5830 28407 8
25820 4209 25
3494 26036 28
24739 8107 70
3487 22212 13
18611 24917 11
26556 11971 8
23787 15110 6
3047 8712 10
28539 8255 20
5522 5215 24
11112 25990 31
4292 4332 18
553 27368 10
17231 26182 36
11863 3157 73
12232 19201 11
23252 9234 10
20648 86 18
8650 8010 37
3928 12284 16
8846 7052 27
24388 11326 18
2668 28999 7
14949 19275 9
22371 4604 24
17512 21687 21
9851 16938 14
12616 6386 8
2243 13068 18
24263 28590 59
3365 9639 20
28386 15477 11
2024 8885 11
1421 20815 10
24522 12783 13
23475 17686 22
22774 17434 15
16294 7463 33
3168 16392 13
23491 27506 18
22541 20933 21
2115 21460 12
5805 11651 35
7798 5675 17
25348 114 9
14929 25534 17
19405 8926 41
16082 12796 13
722 23245 34
7773 17980 10
1729 2710 16
28758 20062 16
7043 16335 29
22153 24244 41
24193 20470 4
2571 8739 10
26292 15117 15
13956 1355 27
6589 2997 81
24425 2394 12
9446 9155 25
693 7026 19
11629 22224 25
8974 27472 29
9076 19135 37
8378 14186 21
6183 11487 10
9216 22004 29
17271 870 13
1889 16097 17
13313 7175 16
9158 23192 9
18785 12252 12
4531 4990 8
28383 18872 8
17980 2503 8
16337 3880 18
24916 23223 16
12940 25539 12
25911 15161 1
10 14157 33
19134 19275 8
1114 11768 26
3944 12131 11
1989 17119 11
27028 27998 8
2824 595 17
26877 9085 10
19079 12756 11
7233 11402 25
25185 27728 14
8381 15713 41
5586 3447 19
25143 4319 42
9796 18145 16
5359 1675 4
27799 2975 6
9541 18215 33
27991 24244 40
24792 13796 9
11671 26711 10
24701 3576 12
25078 13443 12
18810 20815 10
2717 6352 6
10718 8885 12
20234 13593 54
14834 403 16
26978 8488 61
27301 10503 16
2410 14739 33
24794 5076 8
13839 1255 11
25990 5376 30
19395 17567 10
6506 13578 11
19953 10637 29
3091 11000 49
24383 13475 10
2815 11420 26
28905 6189 8
24049 19135 33
25321 5522 25
28182 7858 20
27353 9303 24
7056 22543 23
3662 1154 11
8965 5522 26
10647 5273 12
16679 27712 16
22177 19549 15
5405 3116 18
21486 26215 5
22723 28297 35
27613 24543 13
13324 18827 18
26265 763 13
22110 10980 25
25408 7766 19
8484 5215 25
15366 1006 50
878 14701 9
20151 1286 23
24042 7505 15
18574 9251 11
22666 17890 23
5366 4413 20
26097 16744 22
23094 27044 19
28533 1567 17
28993 17618 14
15724 18473 13
7539 17157 31
27795 13028 28
28493 8739 13
26196 13796 9
16308 11326 19
1811 11327 12
5047 19169 13
24509 7873 15
10887 4010 15
14786 22003 11
6908 27095 16
3964 23590 15
880 15605 11
10845 16774 15
3448 16480 9
9675 26331 22
10617 10316 17
7001 5215 24
8342 7727 4
19066 20318 19
9258 4809 12
4390 317 5
2470 6555 14
7251 21577 9
26510 27975 86
9685 4259 35
4754 14274 6
16990 7131 5
13502 2272 13
9593 27018 16
24785 4302 16
13867 13622 7
7009 18497 31
8191 28398 42
22901 25912 24
27174 14236 16
19165 13154 8
8832 25108 13
25175 23761 6
25796 24187 29
14258 25337 20
21150 20174 28
14305 21648 30
26825 5467 27
24398 8381 52
25928 15677 13
6034 22038 13
15801 15438 19
20318 4836 18
23103 737 47
1555 4482 7
17689 10316 16
20818 18566 19
16926 9767 8
1593 25067 25
8045 3397 47
22754 20910 23
10140 28993 15
20563 28999 14
16647 28493 14
2630 26308 10
21146 23697 27
27523 5728 10
882 19591 37
8223 27184 12
26353 18168 10
24315 27768 16
16878 14939 13
9367 8698 11
1675 19625 2
9020 6986 46
7538 12825 9
7590 22591 76
1484 25580 12
7830 12772 8
28853 26616 22
16587 4195 12
22978 7001 27
1910 22388 15
27517 787 38
8466 26521 37
11557 5728 10
12946 18562 11
9214 21974 34
5478 6501 47
7032 19625 5
226 21836 7
4639 15477 11
2445 4552 115
28559 24626 12
15941 8482 6
22915 24956 8
16963 11335 28
13462 17788 19
16208 13028 26
10542 22323 42
6198 7203 11
12963 18215 64
14423 24800 37
22458 2713 26
25762 23593 27
1731 22201 22
2738 19680 19
18696 15110 2
24971 23649 17
28933 16525 25
15114 11116 31
25837 11410 11
20354 6653 10
21453 28844 10
6863 23093 17
16307 16294 36
257 27294 6
3872 19750 10
13511 11623 19
26770 28085 14
37 10637 35
14187 26391 18
11660 8611 33
14985 426 17
24931 23104 15
6509 22132 13
964 3982 8
17380 20886 16
13214 15369 16
19942 7131 15
25768 27728 14
5612 7756 26
28395 5886 15
15224 7921 18
18164 24056 19
7708 7625 11
21760 7464 31
12237 10678 73
25652 21030 32
3919 2128 2
6251 20428 16
14080 7464 43
19736 17741 30
9254 1822 16
14158 8333 10
23977 4639 12
26299 19079 15
17405 9503 20
9953 22591 76
1074 8076 31
21634 8255 27
14529 2447 10
18142 1334 13
13540 16948 9
17672 23544 8
5483 14032 11
8257 24189 41
13224 26770 15
8386 22923 10
7070 12407 37
14327 2430 36
11199 24193 5
414 4209 27
5988 5479 33
13475 22212 8
26492 4768 22
24554 16661 37
24428 27980 6
5567 13559 28
2386 20042 10
23772 5458 36
7898 9427 20
25848 14377 12
9111 18213 15
7045 14368 9
28213 22512 10
28351 22533 34
2750 3846 15
4467 22268 7
18660 25113 34
3189 14162 8
9821 14173 14
22337 27964 25
12623 605 10
15899 22615 34
19584 19275 9
4354 12517 26
16067 23802 11
3492 23104 11
6811 20963 19
18603 7873 11
20474 13578 4
1105 21952 9
17754 12663 34
27800 27980 4
13414 8266 22
21099 1052 34
19583 25700 11
24717 26503 10
7631 8206 12
28000 10741 3
10745 27163 10
13998 16767 27
3428 7463 31
19680 27492 16
20311 16688 10
24244 14682 33
17787 8776 11
22260 4091 15
20629 25428 18
2258 13892 22
24981 12407 41
13978 21664 22
8896 28011 16
12363 20744 19
6187 11116 32
9798 8206 9
14721 26545 14
15361 9346 65
19874 12384 14
21000 9686 5
22406 27184 10
2146 3846 13
1255 3158 7
25064 16067 12
15159 27368 10
654 17118 14
10807 2430 34
5928 28842 12
25818 22700 13
16632 3576 7
3679 2683 13
13935 14357 65
16035 27506 11
5166 765 11
26019 21578 26
8721 28113 14
17222 28309 7
6767 14588 37
11630 27263 44
3046 27797 18
16063 8342 12
2821 1945 8
22742 1987 11
20882 18169 11
18000 6920 37
28786 25057 16
17312 26033 9
4612 1927 2
11597 21790 10
25632 4679 17
28977 4091 16
13920 6121 10
9891 22323 43
28842 2503 8
17741 24353 26
5125 23245 33
7463 5215 25
316 23529 20
17294 10844 17
27825 3158 6
17439 8776 10
2479 18372 22
7203 2975 6
18992 1150 14
16089 12252 12
26220 3177 18
19236 10744 27
1827 4792 13
28136 15438 20
14314 17991 19
9693 10844 15
28390 7134 69
25724 15309 10
28502 4601 10
14544 8482 4
2663 14368 10
24450 555 12
6951 9155 25
12608 2789 10
16870 16012 9
16881 25141 23
928 27184 10
23310 19828 17
16081 1768 45
26257 19557 11
20408 23531 12
3723 21325 22
126 1212 6
22735 25360 16
18455 21306 40
24498 26165 10
17545 28842 9
18048 1654 30
23394 13494 67
23816 17890 24
16007 20240 6
15864 10871 17
6252 7522 10
23420 15099 15
14458 23078 28
24268 23245 34
12887 27557 21
15650 17980 9
668 2151 12
6089 20470 6
7620 3542 14
24444 1150 14
1189 5417 7
16967 12755 40
23860 6887 15
23064 12222 21
19010 5205 33
10025 8189 16
20951 1822 15
1746 16873 35
10493 26624 32
14173 9211 11
8463 17041 35
1433 5531 31
16792 7820 12
3837 25702 12
11559 24018 11
1525 23192 11
25961 16509 13
25530 17118 17
786 5718 20
19343 27975 69
765 16668 10
6897 20854 21
24881 7902 18
4792 28407 10
5751 13466 9
19194 22003 17
4252 28652 11
14891 17940 15
11448 12695 9
4038 2710 17
4266 2628 9
14180 4601 8
28494 11213 7
20283 25702 6
5054 10692 14
28886 36 11
6882 126 17
1343 214 5
19842 20628 21
6061 10947 12
28682 14032 16
12878 15117 14
16140 4208 37
10945 10138 16
18081 8739 13
2997 14208 73
5126 1082 14
15313 3492 14
27240 12105 33
8611 25186 32
17185 530 41
18521 11023 9
2749 22615 35
4007 373 22
20600 1401 26
12703 5552 12
23159 455 28
22743 16668 9
7522 23787 9
1640 16774 16
20214 1687 30
28200 17857 11
28794 18425 18
10133 4251 17
2521 14518 17
17750 26110 13
4830 8098 11
16418 5718 15
9075 15905 7
8522 7203 7
19798 25057 17
15438 20744 18
27907 16248 40
10213 1987 9
14157 21447 27
9408 17421 15
21068 26686 15
14790 8550 28
9478 3399 16
20754 25580 15
17192 8280 28
18523 28999 4
6696 4812 13
821 23787 8
8232 28528 9
15905 11069 6
23409 16356 9
9346 1553 58
16779 21445 13
9533 2847 24
3259 13943 27
4989 18072 31
5940 1336 26
14682 17192 30
9927 6354 13
17120 6485 19
6597 6574 28
8655 21526 77
7154 24522 15
9107 26952 9
4820 9532 13
9624 23531 25
22786 23802 12
27216 12064 29
28673 26538 32
18460 8646 15
11284 7197 34
11839 16151 39
10886 21648 30
1822 6555 14
27667 3207 29
18301 2334 16
23923 4840 14
26560 9251 11
27625 18959 16
4248 8061 8
19266 22153 42
8562 25447 12
14931 1030 28
15722 15833 17
20618 12942 8
14739 23825 22
24373 573 29
20476 11394 51
18007 13578 4
19921 11768 28
13655 28200 12
21234 7143 11
26832 23407 23
1654 13675 9
5874 20727 15
11539 14107 4
15833 28474 15
16456 16872 11
2827 7314 22
1366 24017 13
17316 23782 7
4990 28309 7
19682 17367 35
16584 585 11
1329 26269 40
4872 11874 25
5971 7777 11
16363 6653 10
5143 661 24
12539 14107 11
25390 15760 62
17357 19233 6
21482 11302 9
9427 2888 19
13068 2504 4
12845 14946 31
16563 27980 3
26135 18699 16
10394 19894 10
11752 23259 21
455 14739 24
10986 16744 23
11837 2628 8
28288 11651 31
6073 11453 11
21714 20099 17
18361 25316 19
6012 3018 57
5205 17741 31
15351 13113 9
4807 26563 9
10225 20656 25
4167 14992 12
25811 17741 31
17234 11420 26
21080 3638 11
16965 2401 13
6796 25089 57
10354 19214 15
21676 12990 16
24853 1176 32
8990 16324 11
4238 316 22
10321 7065 40
10625 22357 11
15323 2276 59
9236 18863 64
3982 28763 5
15475 19867 16
27764 16509 10
17276 11986 9
20605 390 14
5215 12363 22
22038 15905 8
19675 17119 11
14686 26021 42
14868 11569 17
5273 8132 11
22520 25286 6
23065 922 4
6354 25664 12
22960 24253 8
14560 14721 19
23370 15110 7
7752 6767 38
22893 13978 23
23742 25811 32
26354 12638 17
16774 13622 13
14389 18699 17
21130 20887 19
1082 12579 13
13826 6387 11
25670 12815 12
24048 19410 5
15468 26504 19
10714 1553 65
26399 18168 10
17499 10596 34
18492 20466 32
18508 20804 27
5498 2519 15
21965 15110 9
17858 7001 25
7075 14180 15
20264 14010 30
15135 9365 19
19223 22268 7
2300 10316 15
15661 2975 6
11805 9985 10
27499 18992 17
21386 23059 18
16130 27095 15
9155 20647 24
25015 10537 27
28328 9109 23
20016 20529 21
20521 2975 13
3116 4302 16
20906 5417 11
16171 27024 12
17113 668 13
12716 24849 16
26603 13028 26
8255 17394 19
11941 25961 17
22923 11069 9
10012 5469 5
25534 399 13
72 3859 22
4004 248 12
3388 25113 32
10553 10021 31
19625 7412 1
18238 28169 6
26070 1052 25
25184 14998 16
4852 654 17
6619 14682 33
13933 23370 8
11426 1766 16
14010 20983 27
13796 21656 8
25004 4839 18
3967 27269 17
1165 28839 15
25559 7734 24
28930 7221 5
14701 19275 8
5700 9712 10
21639 17618 17
28979 12043 9
6124 1062 16
20223 17618 15
1052 15839 4
10118 5988 39
14748 1325 19
18095 27346 12
13495 17570 21
20963 21818 9
11037 28407 8
18462 3492 17
6944 5069 16
2026 3710 26
8354 6653 10
15717 9647 5
2543 13024 25
25339 21648 29
566 15766 71
25893 23082 47
11910 7131 7
7568 11278 34
27029 20675 12
28763 13622 4
20428 4302 15
12681 17554 13
11307 3952 20
13907 23889 14
28526 3943 5
26098 516 46
8689 753 58
7135 19202 13
13249 1034 26
1325 24917 14
6340 26215 22
22323 558 41
5280 12233 13
4026 16609 13
23499 15677 14
8738 22446 12
12001 10147 60
14361 17312 10
20535 5125 48
5475 22915 9
4158 10637 30
4406 21980 20
25206 1880 30
20203 20472 16
14032 16990 6
4528 13217 13
15507 3903 10
20232 25640 13
2655 22959 30
14231 13941 24
20110 7727 9
25809 7103 17
19894 5159 7
26424 9647 6
23896 26100 12
19130 16564 7
6920 13552 31
23104 23894 10
24621 14089 6
25453 12071 52
22636 11326 19
26543 10129 4
12942 5961 7
17279 26012 6
6525 18305 13
4294 20647 26
9417 471 19
19166 4007 28
18059 316 21
12310 13764 19
7188 25517 45
19070 26070 30
25858 5718 25
18843 22533 32
19748 19430 17
26703 26877 11
4315 15180 15
2683 2198 12
18426 23252 11
3903 12226 8
10795 16873 41
4485 20280 24
9183 23258 16
28694 19217 11
10988 15790 11
16618 21648 30
21163 12783 22
26512 3542 14
12448 9686 5
26391 17980 10
11746 21941 26
12044 24257 12
23770 15790 8
19465 4768 19
10173 28280 14
18928 13578 11
6989 16308 29
9330 1857 33
10757 12284 24
16666 1325 20
25380 19625 6
23267 10892 15
25099 5215 25
13552 3816 24
16811 13086 44
20956 5963 28
11762 28108 5
9316 4482 4
3104 3105 28
23902 3890 9
1879 26050 32
259 10886 31
24422 1766 33
20616 28474 17
8747 1687 34
27030 8303 18
7081 458 46
11569 5435 16
2385 601 10
27285 2617 13
8076 25339 30
28512 1434 9
19828 14236 16
9638 10637 26
21466 12280 29
10842 16281 43
9055 2430 33
10639 4840 28
1655 28829 14
14595 2128 7
6770 10303 13
3845 14490 13
781 1547 16
3890 1255 8
27044 17366 18
19787 6170 29
18548 28648 10
13939 12182 15
8435 15438 20
16099 22591 76
3907 24161 64
10520 5952 32
8433 6418 38
8023 27240 48
25452 15916 9
21066 2579 11
4420 15363 103
11327 11597 11
12222 4332 20
15117 28474 13
1212 4482 4
13504 28637 19
17526 3094 24
5130 28148 16
15363 9895 17
16395 1484 13
9404 1752 6
15674 22380 11
1034 16174 25
14623 2628 9
7350 661 23
7734 23697 22
7549 6951 26
5763 14107 9
2594 7176 22
9229 15161 3
214 2504 3
17531 4989 35
14260 3542 14
12805 22132 13
19827 22636 20
13882 17175 30
21407 4602 6
2548 7766 27
12628 13941 11
25431 15344 28
13286 5622 8
3275 12180 31
21569 8206 12
22637 14861 30
21848 1052 11
23336 7221 9
20480 7045 10
19689 22765 34
4735 23902 11
28026 13068 6
8941 12946 18
13842 22886 20
3026 25286 4
1382 2317 13
19739 1083 18
13675 25331 8
3849 2710 16
11065 21453 11
10261 248 12
6017 27184 10
21109 18903 13
4574 26292 16
18072 24373 30
16948 12490 8
14068 4616 6
5237 20608 10
27132 12585 16
10857 15958 14
16076 5522 25
5439 11651 31
26729 4643 9
6086 15608 14
3638 2503 9
12819 25517 43
27749 20280 36
17398 21067 37
5045 26423 12
21941 4200 24
14366 23593 29
18739 25696 28
14230 14386 11
12226 15839 5
27342 1012 10
22659 20727 18
15485 9316 5
13089 12109 12
14798 15488 52
16680 22786 13
16804 11069 6
18681 17157 29
20835 13466 11
522 15110 4
4516 28089 25
9531 4354 30
22148 4007 46
20258 12815 12
3569 16281 45
23307 27613 16
1414 15199 26
25640 6937 8
14803 14368 12
25369 14314 27
19700 7902 15
11250 12236 31
26314 7063 29
16180 22212 11
18226 1811 35
23114 13768 8
3955 25977 42
28101 22463 31
17032 6864 24
27081 3462 15
9764 4840 9
26767 7131 8
28169 25286 4
11421 11213 17
21248 5963 27
11948 25911 2
16068 14458 38
5901 5435 19
25405 22348 11
21509 15184 9
19495 11844 14
16573 50 20
3358 7505 11
28100 3576 13
26713 18158 15
2600 27825 12
6469 22318 9
13617 24522 14
7866 2647 10
23470 21094 17
21325 2854 18
12987 19158 15
14603 17192 30
16135 8614 16
10303 17857 12
17686 22636 20
24557 9300 26
25962 4091 16
18358 14596 22
9860 23894 13
23374 23048 7
8729 4294 29
18355 12284 12
5435 2470 15
6657 27805 47
21712 508 7
8623 573 39
20240 15839 5
20663 15302 32
24936 10980 27
6865 573 40
12280 12572 10
4404 18497 49
27266 26355 13
19620 7873 13
27540 1811 22
19430 3492 16
20642 26100 15
1766 4809 12
11060 21603 48
24530 6251 18
19703 9919 22
2398 28089 25
24384 24450 19
17609 16227 11
17004 114 9
27433 3579 15
3952 1143 11
26645 28999 4
26595 18523 6
17636 5763 12
25255 27800 6
14350 10121 40
27793 22318 5
5607 22959 28
16604 10807 39
23512 15618 10
2247 24123 33
11980 16949 7
16470 605 10
7578 1347 24
18388 376 6
7167 19544 12
12781 13622 4
2430 13552 32
10691 7517 12
20525 17618 15
20065 9051 29
2483 19250 11
28190 13201 24
22667 8600 8
1190 23245 31
22156 14377 12
22456 15323 61
6676 20470 7
12139 8084 13
14096 13462 29
21239 20325 29
28224 25331 9
25286 8482 3
8012 25692 13
276 18992 42
22846 7103 12
5269 15839 6
2125 20367 8
12512 20428 16
28335 27712 17
17256 10567 15
22663 22083 58
13816 17890 23
28691 21400 4
27163 13622 4
19938 960 11
11797 4735 12
16969 12122 13
28416 27557 22
6484 23761 5
10171 1336 26
26020 114 10
15535 22083 66
10629 16327 11
15058 6196 5
20998 17890 23
22068 3157 71
20080 381 17
18909 28309 7
16659 10625 12
13530 258 11
15332 24913 18
4413 10138 12
19981 2632 21
21620 13941 8
10129 25911 3
21439 891 12
25863 16730 14
12614 22171 28
15264 26931 16
10860 1042 16
28269 9990 13
22261 7734 25
3861 2609 16
19591 27548 34
842 16509 18
8102 8243 21
12255 14368 10
24476 23923 25
24920 16109 37
27780 10442 20
20054 25337 12
21648 24187 27
24360 18767 47
3336 12342 11
24380 9155 26
9476 21970 11
28984 26334 33
28981 16668 9
7381 7900 10
13234 25073 10
4765 7873 10
27407 10021 35
20412 12407 40
26624 13494 29
27020 25811 34
10100 2616 24
25799 8322 37
258 26423 10
13753 13234 14
15792 12184 17
21716 24049 45
10947 26355 11
18783 9155 25
17815 24426 12
21484 5489 15
23207 23697 25
15556 21400 4
833 19343 92
3579 21222 14
9234 5417 8
6375 21604 42
16356 15630 8
24234 21361 13
3462 27163 11
8329 20254 10
23891 12990 16
458 19939 43
18439 28474 16
23797 14740 12
27956 7221 8
13654 25312 21
19663 22539 14
10451 15961 41
12122 25580 11
4455 2317 12
19119 11170 33
20751 7134 71
6441 763 13
21036 1553 66
7163 23259 19
25838 1114 28
11718 4717 25
18817 18756 8
25594 23259 18
25138 8482 3
5495 23902 10
18657 5830 11
21260 6353 35
11547 22533 32
8967 2300 25
19270 2083 5
1401 11569 18
17219 11335 30
14121 25640 10
6181 17366 21
24716 21175 41
27451 2385 12
15302 10980 27
28280 4078 6
1327 24018 10
6456 8623 41
3441 22700 12
3551 27235 11
5881 10947 17
5955 2401 12
12842 23175 11
26182 14739 34
21306 13552 37
24852 25912 27
12124 7058 16
24463 25099 31
11880 4302 15
25612 26007 50
24005 28329 17
7038 27403 39
14779 28042 22
23567 24956 7
21982 1746 39
13789 22080 13
4617 24253 8
7705 19549 14
25249 27531 9
25282 24916 19
17014 17101 15
26486 6501 53
6969 2097 28
26113 6969 31
27184 22380 7
15086 9404 7
7484 19784 19
10287 22212 11
24145 22452 27
18133 21184 32
14013 399 13
20444 8846 35
21091 14796 5
26616 7314 13
22916 16294 86
27016 7314 12
27423 2083 6
6716 1061 18
1553 1085 36
19368 8739 10
6825 27074 21
9682 8623 40
15956 17412 19
3374 5522 26
13413 27240 45
20180 7705 20
21810 27712 16
26294 27926 9
15415 27131 7
7287 434 15
1899 28829 16
19254 25562 27
7202 26033 9
11796 10152 12
26677 21042 11
9350 15604 7
12707 17839 11
21333 1987 13
8743 7616 19
591 25702 9
15218 16089 13
630 15650 11
4870 9216 30
12801 4760 61
12181 15117 17
11335 25562 27
28813 6138 51
26498 10795 43
19909 28598 15
15165 12695 7
9584 17031 32
7756 3796 25
10187 12572 10
16557 23590 15
3769 3910 8
4322 19121 55
28823 6484 6
12959 27184 8
10656 7260 13
4658 23492 31
19112 585 11
25664 22380 8
360 4010 11
6050 12284 11
2182 6221 25
21400 23241 3
2565 22458 27
21593 9531 33
6984 12887 22
2080 23782 5
19361 6710 29
12096 16109 34
27567 27346 17
5086 13622 10
20617 1487 14
737 1768 46
23675 3800 16
23529 25641 19
24028 21400 4
4836 19549 14
1866 10741 9
12485 15608 14
7616 12184 18
16646 1366 16
14555 18005 11
28462 14995 11
16411 8623 40
19199 26281 15
16872 18872 9
10388 25680 33
27364 27480 16
21167 8862 24
26144 4735 12
12783 20933 12
4473 23103 52
14523 19196 11
1945 25578 7
16705 25721 6
19071 2888 15
11487 28407 9
319 11863 85
8795 13768 7
20221 20408 14
13764 15161 6
7820 16730 11
22284 15717 10
10243 8988 14
9042 4809 12
12630 7412 2
429 19867 12
16789 1143 7
15622 15333 22
12499 26616 14
18030 3680 13
5699 18354 28
4209 1627 23
761 25413 15
1803 8600 7
983 8650 59
4028 11559 16
20644 7705 17
10364 7127 18
304 21938 17
19287 20150 49
17187 14518 16
5668 4785 23
5268 16882 16
10634 14044 10
9502 11302 13
1926 8303 23
7028 5483 18
26460 18959 16
8695 22893 25
17434 9986 14
25852 12342 8
5227 24187 30
7707 5622 8
22647 20885 33
14205 15170 9
17018 21400 5
9319 3158 9
18168 1927 2
5806 2317 13
27899 10844 16
4147 10741 3
22855 26163 16
3983 2382 11
26841 6701 15
13470 11069 6
11505 16199 14
10790 19788 11
27153 27759 24
16531 5273 12
7219 6555 14
15766 224 54
24764 25282 23
4675 20678 34
4593 7866 11
23919 27975 89
11411 27905 7
23048 5716 5
463 15961 27
3706 22300 36
17559 6835 26
5841 28993 15
1048 2789 10
8584 1603 29
12215 3859 23
27653 28965 10
5510 9758 30
8973 23761 5
28297 15459 32
22886 20887 19
2776 5552 12
22085 24187 31
6098 7175 13
6555 28474 13
19214 22318 14
9912 2503 11
14844 12252 13
12613 24216 7
11028 13302 14
23987 11578 16
24495 24018 13
27283 28842 9
21028 4717 15
516 5569 40
20916 12825 9
14006 26395 61
4721 22103 15
11324 10493 52
4636 17857 9
6992 11735 27
12285 943 32
26538 27044 20
25909 24659 7
2263 15792 18
14372 22512 10
6138 458 44
19939 23697 26
24182 11 42
6079 20887 21
8614 9075 8
27916 15313 18
7909 8274 13
26215 1383 3
4865 23886 12
9982 25838 29
28042 7858 19
10596 20174 24
11586 17357 12
15180 19549 14
28027 19557 15
24469 5359 5
24659 14107 6
8280 9675 27
1303 4516 27
16485 17439 12
17255 27235 11
15790 20608 7
14278 20223 16
12336 16017 9
114 3158 8
12519 28178 10
5710 10446 4
24505 9346 59
6737 2165 27
5670 6431 28
24062 18767 32
8382 9647 5
27379 12139 28
16650 18116 9
28054 17394 21
19427 23180 105
14087 27315 13
22745 13925 26
18981 26729 14
11162 13925 25
4444 19395 17
10772 15646 6
9186 26545 12
14387 1656 11
19121 5467 28
1155 22132 14
3969 17872 12
6986 8623 41
22297 5247 9
3299 4764 40
12674 2951 85
23146 7281 46
15672 16881 27
3779 8 12
13284 7727 5
14002 27980 3
22963 15648 28
22764 9492 14
5693 28999 6
5216 5319 12
7378 19736 38
3639 25499 28
2632 11416 18
10534 6784 16
16749 16509 9
4365 10503 19
7709 2072 76
20410 17018 7
1590 9993 11
4043 6479 17
471 20970 13
4311 25975 17
16097 26686 13
6352 7412 4
28398 4208 37
356 26033 12
17872 2778 10
26423 3158 6
10373 26294 10
17020 12099 7
7312 28113 11
434 17488 5
12732 11063 54
12686 20727 13
7236 19337 11
4470 8863 11
11128 20933 17
28636 13154 12
12252 4792 11
24183 24926 19
16121 17020 8
7526 20439 13
26795 17255 12
5851 8620 10
26 15717 8
3846 27764 12
20426 4259 35
21231 7707 9
6225 23370 8
25583 27263 39
18893 24443 9
25519 20675 8
5908 1811 14
827 11986 9
6708 4482 5
13943 20854 23
5427 5929 16
11604 22522 14
22523 12579 13
16017 11398 7
282 4259 57
28412 9188 13
23993 27380 21
15825 9319 10
4941 21222 15
7264 28182 22
27369 8927 18
