21342 6701 13
13153 14843 49
24401 2047 35
5188 17223 15
10365 22606 52
27375 27465 16
10592 15309 24
23908 8854 50
3861 23173 29
244 13214 27
10528 15652 28
23092 8662 15
1029 25192 16
8349 13846 11
2827 4150 48
28303 20766 73
18906 306 16
22293 28377 19
17670 15708 7
21339 21614 3
26505 14841 14
28257 3919 18
11110 13520 17
26668 931 23
7591 22495 60
25557 521 12
25846 9069 47
5785 16491 14
13253 20966 12
9434 15209 42
9915 3073 17
7585 17376 25
2321 21239 8
27341 4074 38
23407 8623 90
18939 18827 18
28070 10884 17
4405 12701 10
3473 6960 17
19292 5302 15
7116 19835 22
20889 26738 15
22123 2002 42
13990 1452 14
14111 7092 13
19226 12176 16
442 24280 9
22933 1905 19
11234 6414 6
10405 2843 16
5943 14044 35
9204 9935 17
21044 10276 81
15586 7732 17
25423 27918 15
10261 11265 16
5403 18540 11
5093 21270 26
26071 27422 23
5185 12295 58
22574 7250 22
19747 21339 14
12822 10785 26
7855 5328 17
19283 923 8
4453 100 6
2398 25081 7
2583 8486 5
11016 5771 11
22916 6414 6
15858 9490 16
26857 20849 14
7617 17438 13
12380 19616 17
11111 3919 19
24190 806 20
22149 17883 15
11452 27796 15
20128 18856 5
11886 22056 16
24402 791 13
6935 16849 15
15182 8792 14
27780 20778 14
3662 13460 13
21398 10569 19
19307 24071 48
26277 1887 21
21822 9434 52
28157 256 16
12558 21583 10
13460 17017 7
8043 13579 48
13007 3662 14
3418 26167 10
6710 24854 15
17803 17321 45
25297 2203 21
8692 26358 15
5760 9463 43
19751 1020 24
14522 12310 23
27288 851 16
26846 7116 23
9151 17012 14
21850 1452 13
5609 27288 17
15450 14843 71
8097 15635 45
3548 6658 9
16993 27419 16
23023 14475 4
9013 23372 17
7524 14121 29
18204 4350 27
19039 23241 18
14302 24792 8
13946 12455 17
11329 27111 15
4074 4453 7
11795 25423 16
13594 20180 41
3015 3748 13
7062 20889 19
12847 25737 11
18699 5477 24
20513 19049 15
24475 21912 19
9726 4400 24
7477 1579 22
6141 15341 16
11972 12172 42
20421 20902 16
5477 25389 22
5851 13579 48
25112 23646 21
25859 20372 14
18790 8561 29
1587 2347 20
12870 27511 14
9470 17778 16
19643 28065 6
26839 28377 18
19562 24275 13
26746 16481 60
21150 8486 4
25035 24394 13
10025 14035 28
15324 27972 49
23080 24358 25
20561 14614 9
20432 5198 15
26409 586 16
27705 6905 14
19077 675 16
11167 27758 16
3285 4251 14
8910 6043 15
11991 10177 12
6776 9271 6
28901 1835 16
5970 3092 21
586 20958 15
823 26358 15
22305 28792 6
16147 11795 18
9939 28085 88
3066 12211 21
18462 21232 18
2601 9906 27
26947 7820 22
1473 20202 42
21332 7906 14
16573 12288 20
10008 11105 5
2971 4737 15
580 8792 17
17828 11807 13
19487 19647 8
22495 25229 49
2919 12295 55
27006 5710 16
11361 24394 13
6732 21614 2
14290 9929 10
2208 256 16
9893 21599 12
17415 20211 15
544 22048 16
17586 12176 29
19450 18241 14
1353 13286 15
7618 18352 20
18680 16491 13
15934 20925 43
25934 4350 38
24470 28374 14
24854 27049 14
12668 10785 47
22321 24916 35
6022 7702 7
11790 26217 12
17807 27513 24
480 12549 17
9088 17913 36
12967 13322 22
5923 21298 22
11827 12948 15
22632 1606 15
25515 26963 13
15330 22752 21
14752 17679 24
2723 21339 7
22418 5969 24
24672 5403 14
25276 20695 23
2488 25841 29
1890 19134 26
25293 26505 15
18994 19066 44
208 14049 25
16716 19437 22
27419 6393 15
23152 10821 17
26490 10822 16
11547 10043 46
17895 13460 13
9596 9733 14
13994 11790 15
2944 28632 15
21393 22380 19
4023 15453 14
27179 11250 24
25496 17017 7
22166 10008 7
3369 28728 14
18804 24047 24
1909 4453 7
17712 13793 116
7515 2007 16
27596 10613 15
6062 25737 12
3932 2372 10
19647 8145 7
12543 19039 19
2909 13460 10
22452 15671 31
13286 9893 13
9737 2083 46
24409 20372 14
8074 27599 54
28891 24991 43
18093 18939 22
14524 11655 26
20211 26217 12
9285 23698 30
15436 4929 6
28691 24787 14
6982 1934 7
24916 8561 30
17661 4667 47
17448 12268 34
23726 8561 6
19130 20629 24
7710 26316 18
2854 6701 13
9535 12419 24
13317 10779 13
25484 27819 49
3950 27511 14
23384 1819 17
5363 28908 12
28147 2530 22
13364 3646 10
17876 4290 15
18869 11723 15
7817 6932 16
26312 5466 13
10615 678 17
21102 17556 17
13181 20471 16
16999 22422 17
21307 11993 13
4926 14303 20
15772 17378 4
24450 5191 14
23224 26857 19
16326 10113 21
11624 12211 21
21299 27049 15
99 3501 15
2439 26251 39
14659 23340 16
12945 24808 16
24828 15572 45
6983 21342 14
21438 985 11
5647 14065 7
25841 1627 22
10215 21176 13
13856 24148 51
8561 12564 5
4098 26217 12
17073 4236 14
6701 5191 12
21530 20630 52
518 20759 29
2350 306 17
21345 2583 13
8224 18290 14
3940 25496 9
26988 586 16
9567 7155 25
12152 11353 22
27885 19216 26
10340 20128 6
3987 10630 15
4520 9029 14
14238 11275 21
10165 11213 14
9947 306 16
24686 985 14
1471 17418 15
28664 11111 21
28988 18421 17
12096 13336 9
27685 18967 22
10768 17478 17
25329 2583 6
5286 28908 14
2576 5785 15
21575 20849 14
14951 14692 34
25477 22390 17
985 4341 10
13820 4272 19
28289 13460 13
28717 18309 17
25837 4269 16
9636 12211 22
2809 13846 13
25056 24275 13
16195 1452 19
6480 15386 15
14121 8267 27
2289 16723 13
21213 22452 44
17460 26277 32
6144 1239 18
9483 14209 16
5328 23338 16
15309 5951 23
19682 26668 26
11483 13366 33
17590 12172 40
10031 7906 21
28663 26487 33
8158 9269 52
27964 5116 7
20216 10893 15
14265 17021 21
26079 15392 16
24187 442 10
4420 20368 15
5969 17579 20
27422 12471 16
3814 16723 12
20239 6541 16
5441 14210 14
6690 16885 25
22851 18759 17
27926 17447 51
2227 15375 18
26792 6732 10
25100 21402 18
2391 12211 21
24581 6568 15
11928 20048 16
7104 21728 9
13950 24470 15
1662 17585 25
14896 10852 42
27069 27870 14
11927 6003 16
22331 19835 16
27862 3645 17
10676 7557 19
968 2646 19
17438 16723 12
23149 27348 48
1409 3765 28
10272 13286 16
20876 11111 22
3667 28051 15
17690 26293 13
21232 27007 16
14535 17236 45
11250 3066 22
1704 19994 49
13285 446 25
14447 18306 22
4264 26545 58
11916 24828 46
9844 21305 30
1053 8267 36
14833 5191 12
18762 9539 19
17018 8525 20
13619 22336 17
27581 17803 46
14751 19646 15
24175 18241 14
27658 17550 15
15690 16227 15
12878 20354 13
11031 4350 20
3654 18546 16
27989 18015 21
5271 22341 27
21728 4074 8
20072 43 45
25415 1242 15
26639 26545 68
13941 17556 34
4933 28616 15
169 7747 13
12840 27995 12
9816 14235 25
11439 5198 15
13511 5771 13
19761 10848 58
11842 21339 4
14798 12460 13
27903 18093 24
27318 7415 15
25482 20252 14
1718 8269 19
9539 2377 15
5722 6960 17
21582 13185 34
7397 17065 21
4253 6373 15
6997 12352 50
11673 20073 33
5375 18241 14
1379 21270 30
17851 13118 32
2083 10952 44
2477 15209 52
16767 22305 20
21863 11365 12
20492 13495 15
8281 12172 39
1226 14692 17
9212 13153 54
6413 3617 13
8994 8785 15
19142 23092 16
19627 27758 18
795 12295 53
25715 75 44
16925 11206 11
3122 12981 13
16833 3501 17
4236 18540 11
24599 27663 21
15725 22314 23
25286 17124 43
21528 21917 21
25814 27956 14
5170 23762 43
18240 14039 18
27465 8191 14
6960 14603 15
23504 13336 7
17378 5202 3
13145 22993 72
16384 23763 24
10731 3617 17
17508 24470 15
11061 23224 21
24458 3524 24
15556 8491 18
20308 24045 40
10669 24224 17
11027 24175 17
26711 7003 52
8815 11721 19
20261 24686 15
15771 6478 15
23153 18856 16
18840 23978 20
13441 9399 16
14166 15126 17
5577 8191 14
11451 10528 35
6795 8491 13
12956 5491 19
28148 5168 23
20710 17893 34
24656 5703 36
6097 28022 73
165 17891 18
8157 24475 20
18972 18594 30
2044 23579 18
27917 18540 13
26913 4074 8
219 17451 17
23925 20987 18
22832 9649 16
1606 5403 14
5284 12961 17
1453 9470 18
12432 28743 30
18445 22253 16
17322 14659 22
8709 1561 6
13448 14533 45
25169 19643 10
675 14931 15
8146 25056 14
16636 27375 17
11275 20134 17
17809 3719 15
13027 6359 9
24280 19647 8
26800 12505 30
28163 13689 20
15671 22734 30
26595 26946 21
12216 26966 21
13451 16083 15
22993 27694 49
389 20353 10
14162 7745 14
27870 17703 12
8267 10785 26
10869 28914 28
24834 1038 21
9029 27870 13
18048 10930 42
19536 5463 28
6299 28728 14
19620 11550 16
14865 19321 17
13336 1384 6
26512 1474 10
6628 13286 15
18901 8822 23
7752 24244 18
18674 23847 27
16462 7939 28
17861 7167 14
27757 21232 17
20756 14283 27
3919 8269 17
12614 22855 27
24047 28163 23
26912 1811 62
9929 28932 8
25839 10283 15
11193 28432 28
19220 12913 15
28880 4952 15
20852 5974 18
15721 18507 18
27956 1133 13
26401 10177 12
12737 9893 20
16759 3369 15
7204 2345 8
12151 20128 19
1748 6765 12
1790 10242 3
15041 11547 48
24787 28051 11
26589 13072 13
16717 14841 15
18948 15127 5
28908 3043 10
19098 7204 14
7772 20849 11
1056 11362 14
13072 18443 12
3687 3429 16
20720 13659 24
26457 18484 11
12644 7747 14
21087 8269 17
23729 1977 10
15303 14334 18
3408 23504 8
5852 14783 15
24587 3344 17
6751 19835 15
18702 389 19
23157 16624 11
18613 5113 24
25987 22057 20
11823 9535 26
11889 9770 19
14931 11881 14
9822 15853 21
1801 9770 13
3419 8890 38
28876 11993 23
17016 14303 18
17208 7940 31
14326 12822 34
17531 3950 15
20202 1053 38
13623 10773 23
15606 28615 35
22845 19450 15
25199 20966 19
5432 306 16
28715 10773 21
3501 20754 8
17850 5951 26
14024 6988 15
15386 9770 12
24010 19398 46
12479 28616 17
26896 20112 3
5200 9018 9
10489 13286 14
10342 26293 13
19419 6960 17
8485 15312 49
22010 3879 13
24929 1242 14
9817 20112 3
9117 27511 15
23676 6630 22
27729 27254 24
9901 18827 16
5241 13610 10
10758 21339 5
19075 21507 39
19637 18759 18
16385 13701 7
22810 27827 49
26990 27868 16
25769 12968 17
1046 397 29
15585 14841 14
25587 18728 17
28815 19835 22
4344 12614 28
6635 20048 15
4429 20372 14
10350 19725 23
21402 21134 16
12295 465 45
15392 10342 14
4377 24224 17
21235 6609 14
4307 6658 7
17770 12286 13
16227 18290 12
1693 8145 14
16255 22803 30
552 8491 13
28619 15752 17
8191 6022 13
28254 14794 42
10810 19503 7
13793 26826 54
678 20902 14
283 26589 15
13409 15127 8
10422 13793 57
15287 27318 16
7535 21666 7
24358 4400 23
3319 28377 17
8792 13460 12
18515 12973 16
12058 21005 18
28272 2632 23
26665 24602 20
23254 21339 7
8322 24982 28
19321 27873 15
12651 27275 4
4643 2047 35
27197 11721 17
13865 1801 14
5189 7116 23
28039 27873 15
17893 12822 33
7511 7155 27
10572 25415 17
28573 5985 37
18436 26358 15
6336 22845 18
22606 24665 51
15294 10475 44
11397 12310 23
6382 25302 18
6072 19169 17
22799 13634 16
17615 64 19
26004 11024 18
27587 10495 15
24492 4150 48
12973 27853 14
25252 22263 46
14692 14099 13
434 1748 13
20060 10936 19
19912 17787 16
16204 21558 15
22229 12847 13
3560 3434 34
13471 28815 33
10552 20551 17
15190 12847 13
568 4408 27
28643 11452 17
28923 24854 16
4061 27032 43
24923 25903 17
17211 3408 25
15202 14121 34
23477 6960 16
19876 20772 53
28798 20062 16
10541 14351 17
6630 13460 16
14555 24126 13
22163 20202 40
10276 17638 58
24850 24673 14
8890 12505 34
2533 5807 21
25902 5771 13
9382 4282 16
1452 1522 12
4290 5363 14
12549 22056 15
22643 9608 14
27836 5928 16
8854 1115 42
22995 13195 11
14317 14146 12
27373 16723 21
22089 17699 11
12900 10283 30
25915 7692 46
9634 18230 5
898 5363 19
18886 21877 19
740 21017 30
17879 5363 16
20376 11362 17
7141 8349 14
18977 1242 15
28711 5026 13
1038 27110 18
10440 25841 23
16409 20372 14
24991 21128 30
19663 28272 26
11550 11904 15
5952 100 6
4408 9726 26
3279 12459 13
503 12008 24
20164 16083 15
13366 2475 30
14297 4799 17
6670 1819 16
12896 25056 14
6333 27918 17
24394 17675 12
7167 7814 13
18418 7354 10
7293 17895 14
19981 13336 7
26759 5141 46
21458 3625 22
3421 27671 15
8822 7062 21
13557 14748 13
4598 20720 25
20551 10613 15
5350 26312 14
10242 21614 2
27616 25737 12
3930 25689 6
5168 21912 19
5904 12847 13
13702 18189 11
16624 19643 8
7179 31 59
9714 19219 16
4441 5577 17
16521 6003 14
2030 6413 15
10389 5975 17
26527 2601 59
10019 4919 39
20925 18138 41
24357 2690 23
14137 17012 14
13150 5286 18
11904 1157 13
6473 20128 9
13122 10552 20
210 1507 29
11546 16589 36
22929 12945 17
1819 18443 14
8817 6661 15
6040 12983 18
25584 574 25
9842 20778 18
26217 11807 11
12521 8191 15
7747 26217 12
25606 11624 22
17785 4420 17
7906 28908 12
24126 17203 12
13672 7139 7
4460 8792 14
18261 19122 7
6998 11399 7
19434 1056 20
19455 14841 8
19978 18840 21
5439 16883 15
24673 21599 12
9091 14235 23
734 17321 47
25342 12211 21
17223 18680 14
10051 12631 36
9271 1790 5
18443 17703 11
1093 3757 24
20670 16301 24
23529 4350 25
21453 24092 9
3344 11016 13
12352 25522 49
12310 7062 21
13520 27918 16
23338 24854 15
4927 27966 6
15292 8166 16
22290 20128 15
27671 8525 14
17717 4458 41
3542 9151 15
28503 10893 15
7590 20775 4
3751 10280 45
14044 3748 13
20778 5403 12
3640 10691 13
20328 5191 13
13044 3066 23
21176 10161 11
1951 1662 27
15341 17215 15
28441 20368 15
13075 18939 20
7385 13896 36
27177 504 16
12268 27318 16
19605 14903 24
23757 120 22
5141 14533 45
16318 23766 19
1009 8716 20
26247 25329 16
19717 26545 59
13550 11881 14
15126 27419 16
10822 14603 15
14035 22933 20
21624 12216 23
21702 13218 16
22314 4919 22
8553 10810 9
27148 17770 16
27651 25841 25
7557 13990 16
3113 21887 16
19712 1322 8
9463 20925 42
3959 3140 19
19913 931 22
9192 16989 15
1180 11486 14
18129 18230 4
27096 14603 15
6373 8792 14
23024 9271 7
8597 12460 15
10283 18680 14
17252 21458 23
7510 10489 15
17939 5363 17
24148 8817 17
27845 6119 56
24683 16954 21
26575 1055 10
26946 15510 20
11743 23478 16
11383 10068 23
1352 17703 12
14443 9586 18
26251 3414 29
24598 21614 2
17872 19648 17
18644 6743 32
18421 4290 15
26810 13015 7
10588 14162 15
26979 19211 20
20112 5202 2
3749 210 36
22451 4429 15
9487 27545 34
24602 6309 18
732 103 37
16785 2047 33
14533 15855 44
22890 13756 16
26162 20112 3
2882 28039 16
9697 20562 24
4968 552 14
26257 28319 5
18188 24024 21
967 7786 18
26167 28792 4
6240 28065 6
15912 23579 22
12995 25451 14
9602 21599 13
21239 19966 6
23596 21621 7
5181 11655 35
27563 2250 32
16482 11612 14
21392 26466 48
7139 21614 4
21887 27049 15
16907 21392 52
1362 16723 14
3524 11578 13
10574 20012 14
20062 2927 11
15454 24441 7
24216 11849 20
16248 20072 51
13299 28374 14
17802 25485 17
12621 6333 23
716 18234 15
1849 1970 44
23027 16885 19
4618 1073 16
9362 23078 16
24642 20252 16
18289 23795 15
20042 23628 32
5579 13452 18
4292 14748 10
21614 5202 1
1010 7146 14
20362 2047 35
11899 7906 15
9761 26589 15
4799 12521 16
17137 18306 25
2064 17203 11
22303 12847 12
13277 17703 10
13756 7747 14
16844 17770 17
3879 18540 7
14719 7772 14
19338 18680 14
2544 25984 16
11119 17236 44
1342 2007 13
11209 25239 15
18490 24150 16
20759 4919 27
18051 7123 20
2803 2296 17
9480 3238 14
20784 18804 26
23067 12211 21
25019 8157 21
24424 15190 17
4521 25859 47
28230 1157 13
3474 4643 67
13694 5026 13
1668 26505 16
11148 18698 11
14530 13460 15
17095 10099 21
8178 9615 16
6149 5191 13
16095 2909 15
5506 27870 13
13680 20328 15
10034 1042 16
19041 21632 18
10630 27495 14
17478 27587 16
18162 10283 15
23615 19219 21
25013 28048 21
7797 6373 16
7294 14099 13
24440 1062 16
25908 21273 3
16826 7123 15
22566 8384 25
5710 5171 15
19371 19219 16
25313 14065 6
28363 28163 33
4746 27348 59
24263 5202 2
1521 495 22
20012 20128 11
17017 24092 5
22752 11927 17
25582 16954 21
12028 27917 14
9215 4350 19
15127 28389 4
20858 17564 17
4265 2345 14
10936 12521 17
20734 24957 19
13322 10884 20
17088 25837 23
20878 8348 14
15039 17378 8
7506 27819 47
16954 16680 15
8713 27197 23
14748 14352 7
10880 4269 3
17832 12981 13
12451 8716 19
340 1692 14
10867 13448 47
11197 16586 22
13388 26008 15
3840 6661 15
1212 27912 16
10779 13898 12
4458 15070 37
14351 5375 15
9134 11110 21
13846 2927 10
20412 21666 19
9805 7092 11
12983 9860 17
6043 8792 13
24665 16970 48
7077 7141 15
27623 6446 48
9967 15309 26
20577 14099 8
19092 16147 26
4550 28339 30
120 11169 19
8623 16481 59
2485 7906 13
8311 12319 22
2082 28920 19
23629 16363 13
6478 7617 14
1039 23676 24
27479 12699 21
18015 21232 19
23684 495 18
669 9069 49
13071 26490 18
13328 25355 15
15396 24972 16
4919 26966 21
12505 25408 27
17672 25606 28
7201 16849 15
10884 3043 14
956 19712 17
26007 25837 21
15796 12460 13
22138 28711 15
5083 13452 18
13070 6413 15
27110 16521 15
8056 608 15
14413 1774 44
23762 103 38
23657 24598 4
10821 9929 12
8921 25908 15
13786 17807 26
20471 13557 15
21665 26545 60
20017 10895 8
12570 27902 17
25861 13865 15
2418 7814 15
14286 20775 7
6680 17208 48
993 10340 10
19484 23554 16
4194 13846 15
16838 14692 16
21370 20372 14
22855 790 24
23121 27870 13
27117 8005 55
8339 19882 18
19606 8878 13
5425 22773 16
19494 10769 12
12383 7960 20
28999 28999 -1
16900 24757 28
201 28999 6
14917 6022 19
26324 13452 16
24504 3662 14
13076 6690 27
2209 17579 22
6082 4236 12
27732 26074 52
19878 12927 41
5980 28389 4
1199 15202 38
2754 2203 15
11655 25769 25
24078 7551 42
1322 15127 6
2568 27843 18
24506 20112 9
18406 20353 12
6609 20211 13
10280 9533 40
18050 13299 15
725 726 13
18625 16627 17
11723 28558 14
4384 15127 13
7641 4429 15
6357 11799 21
750 19169 14
20972 26217 14
15497 3015 15
3034 1606 16
6276 10242 3
23516 11928 22
841 21299 19
17170 16595 29
13271 8792 14
7456 12683 19
7692 16970 43
28559 16885 24
3527 5302 8
22804 4943 32
20242 22390 21
75 8267 43
18290 22253 11
13214 1062 16
5634 1409 46
12901 26356 28
465 13925 37
15159 28932 6
23366 25143 15
25389 20328 18
5191 25737 11
15209 11572 36
20724 23092 19
13684 3066 22
7878 19219 14
9466 26505 17
7863 25123 16
19781 25859 26
20241 12254 21
24972 24787 14
25609 26401 15
22722 27088 29
7097 28914 34
12445 13452 15
7623 9602 14
15570 19211 16
4753 15551 25
9361 25482 23
2017 2854 17
28048 23158 16
25706 9947 17
16723 17703 11
5489 18540 10
1055 19926 8
7286 75 44
19949 5985 30
6146 28832 21
14039 7617 16
14676 25390 9
25118 11365 11
20988 1700 53
21039 3095 30
18230 28999 3
9383 15309 26
18302 5771 12
23132 15278 13
19065 993 15
6494 21044 99
16039 13659 41
7115 7146 14
710 4216 17
14732 678 19
5766 28816 19
15305 20368 15
28743 3414 29
10108 17587 16
6864 20889 24
15723 12847 15
22938 26678 13
14430 22916 11
24982 19835 24
17333 26251 30
22808 10342 19
4514 14209 18
504 13460 13
20456 13592 16
27628 26312 14
5881 5491 21
14550 20703 13
26868 10857 16
27372 18540 13
19192 20925 42
4252 964 48
21849 521 12
20275 13181 20
1132 17928 16
14490 17585 41
5912 692 22
20478 27918 15
7500 11209 20
7960 17412 16
2195 23067 22
20048 5990 14
13762 8317 46
5341 23326 17
12684 19864 14
255 16717 20
22056 14603 14
28027 14748 16
24195 8708 13
23443 6732 4
8637 1718 22
14841 8929 7
397 3319 20
21583 18230 5
27572 7814 13
22510 21273 4
323 10592 26
6309 17787 16
5018 13336 10
18532 21298 15
1855 24409 15
25876 11721 20
14544 20754 19
24092 28389 3
11040 9533 43
11767 25382 14
21823 851 16
25318 28289 14
25387 16261 14
13104 3198 14
26439 7194 16
12535 14025 23
17339 3748 13
8149 23581 41
25618 27999 18
7350 14614 13
20985 5026 15
14601 28981 24
5623 20568 8
25023 15127 6
8707 8191 17
19344 2843 16
23146 17418 15
10328 20362 37
27727 4643 45
15439 28932 15
1722 5340 14
11035 19643 18
21621 3043 5
18949 7146 16
24232 28711 15
28632 3662 14
3043 14475 3
12471 14783 14
21121 3414 31
22825 851 16
14644 21270 26
5450 122 16
21092 27999 18
24485 1040 57
12391 18546 17
8055 6082 18
2840 256 16
13562 28082 47
865 24275 14
122 24224 11
28634 7069 24
12311 9929 9
24553 5093 27
27858 13371 21
13952 11031 25
11105 28999 0
28353 10268 15
16353 1473 49
19575 23224 20
21799 16723 12
14521 6580 24
6410 12392 31
6010 11005 23
16261 13072 13
685 4458 58
17638 17590 45
4193 22314 24
79 11842 7
22141 1362 17
11643 22995 16
27550 12873 15
8852 2583 7
6331 7146 14
6446 17585 45
17854 754 36
12359 27972 46
13425 12310 22
17787 24808 14
1811 17590 51
7779 13557 17
12807 19582 18
2046 27873 18
22057 10389 18
12979 11842 5
12110 26404 17
28938 11113 21
21825 12878 15
20751 24854 16
20263 22482 18
18214 26167 9
25163 24475 24
6959 27275 3
23531 20211 15
15572 75 44
17840 3197 16
11825 11234 7
8016 24673 14
25290 22995 13
22086 2909 16
7206 19426 14
25632 816 25
18138 1053 38
4251 9770 13
24297 9151 15
14603 3501 13
3000 22089 13
27999 10949 16
17891 27007 17
13516 16521 20
19553 24686 17
5831 8817 18
5302 22305 7
1133 17703 12
14404 9239 22
4505 17378 7
10569 18050 16
12349 18840 25
9210 2638 71
23798 20960 18
22652 11105 6
19864 27183 13
28753 2909 18
8458 1322 7
24993 27587 27
10796 8020 7
24304 19450 17
1200 23676 29
10775 4074 8
11926 25582 23
5 3612 16
16879 12822 27
15634 6062 15
8309 465 40
15481 4203 11
26545 2477 56
4170 24275 13
12172 8267 28
10217 13865 15
3465 1430 32
27940 732 70
8413 14044 34
25824 27088 24
13903 1790 7
6903 16989 13
15433 24277 29
17401 10852 32
973 22851 19
24381 17223 18
2524 2007 13
11881 5403 13
23740 22303 14
15140 28832 21
14436 15225 17
26192 4002 15
27295 26404 19
22380 27775 17
18556 11329 17
821 9893 13
18519 1579 14
21712 1606 15
5997 16988 19
18358 9860 20
4124 17222 6
15863 19321 17
22356 10823 26
22140 1430 28
25903 21996 15
25298 9269 50
21933 19371 19
25569 24929 16
25755 28157 21
15813 1609 36
7054 17717 53
20630 24401 37
4952 25355 14
2042 19484 18
22633 24929 15
5058 14099 14
10583 19235 36
26782 14530 16
18759 2296 16
15956 3535 12
17112 28432 29
14546 324 17
3719 17012 14
951 24673 19
7523 6141 19
11355 5245 13
4272 28694 14
8166 9770 12
28310 7354 19
12404 17208 53
9586 20372 14
1224 480 19
2843 6661 15
1609 4960 33
390 16900 31
16236 28148 25
8118 26409 18
8348 18522 13
3646 16007 9
10069 28186 13
3343 10733 22
3645 8785 15
19572 27855 15
7801 26643 6
3880 4453 7
12948 8349 12
13599 28374 14
17222 28389 4
10586 15585 15
12564 23836 4
26189 14841 16
11721 22056 15
7035 8908 9
26411 13672 8
6669 20620 22
12913 13253 13
17468 28441 24
23311 10691 20
26533 15190 15
27868 28908 15
16575 11016 12
7765 7139 7
21485 27628 15
15841 11561 19
13306 14082 20
18100 25318 15
23588 12564 6
4155 10358 30
17543 7062 23
22482 21289 17
25536 7294 15
20774 22140 30
22048 13557 15
10362 25737 11
16044 22190 14
16008 10867 48
21435 26487 42
23386 21296 46
2894 6299 15
24244 20432 17
16891 3414 34
6393 14099 13
27801 16409 17
14114 9733 19
24808 5771 11
22177 24275 15
16018 28688 23
7697 17892 16
18856 28999 4
4664 25019 24
24282 4526 28
21750 14783 14
12455 10840 15
25522 27348 48
3594 28901 33
25714 22163 49
26358 27495 14
12501 3344 14
13592 18546 15
5143 24169 115
21996 5489 14
26057 26766 17
18255 15309 25
17411 9058 8
27 25375 53
11126 16083 15
3612 20193 15
1242 8792 13
5180 20703 13
12671 10239 16
26404 2007 14
5345 6630 26
23955 25706 19
1744 4960 33
10854 17928 15
5687 10785 27
6568 25239 14
6744 5760 44
2372 10008 9
26406 1639 20
15509 3719 15
25410 19142 18
8785 15386 13
15429 9634 8
23068 12419 24
8626 21453 11
5021 25423 19
2345 10769 7
18547 9551 33
2389 24085 15
11428 18284 16
16363 248 12
25051 12631 31
16912 15508 50
2388 11578 17
17556 9326 11
28342 7585 33
2070 24907 30
28377 14209 16
11146 19712 16
17447 18719 48
7512 210 30
851 14748 15
4136 17895 16
754 13896 35
7695 13070 24
23603 26293 13
27146 9586 15
27873 14603 14
976 1087 21
25743 3066 23
14725 21458 23
23785 27868 16
18827 26091 15
9396 5202 17
15853 22799 17
6432 1445 40
2043 22510 13
6543 22401 22
18522 5489 12
6335 324 16
11516 4303 3
8662 12286 14
27992 23504 8
27749 16604 5
12419 5491 23
28584 8145 6
17202 7293 15
23787 28999 11
18753 6932 16
20835 20112 3
21516 17850 27
11053 4098 13
19426 13460 13
1367 14329 19
2396 13672 10
13887 25693 45
10918 8572 15
27819 5637 46
11161 28664 27
12898 10895 6
1272 4429 15
8515 25318 16
21296 25408 27
10848 10930 36
14190 23515 20
19925 26167 9
14293 17645 29
28069 22166 15
20896 1242 14
13506 2849 44
4123 14066 22
26184 23504 8
20997 23338 16
12043 6035 15
23849 26324 18
7820 15429 16
2047 12505 30
25912 8792 15
3049 15303 19
3776 4737 17
3869 28432 30
22341 26966 22
2250 14841 17
26738 28289 14
6110 8792 14
24957 13592 16
3109 275 6
9740 13161 42
18516 3408 20
1579 28908 13
22913 4943 32
24323 16083 15
13128 27855 14
20013 12927 79
23171 11329 27
22179 7115 18
28660 27853 16
9018 1886 6
15715 12927 41
17236 12927 43
19582 10559 16
15282 504 15
17164 24409 15
3140 15429 16
791 23862 12
13735 20087 25
26989 21614 6
9620 14352 9
13442 13380 17
5415 25222 9
18314 17803 47
28032 27049 14
25050 10857 17
14173 3654 18
12889 19562 18
6522 25737 12
12211 12961 20
13519 2849 45
28523 24929 15
16228 27069 16
8627 5879 7
3675 23254 9
5611 20478 16
11612 7906 13
4934 10008 7
13771 6541 23
7634 25056 16
24063 12961 19
5491 3814 13
1011 20889 24
21289 15429 15
20348 28133 16
4291 1507 42
15222 14317 13
15006 10161 12
3095 1662 28
8525 7747 13
14056 1133 14
9646 14055 35
12469 14841 16
17060 18334 9
4702 19065 16
1650 7186 67
18008 3866 15
23579 806 14
9935 7254 16
3899 9117 16
26826 14533 47
9069 465 41
7561 4342 12
10268 12910 14
11039 25415 26
14209 11169 15
11000 25246 45
10905 11363 23
24689 6276 5
25748 10880 22
644 5403 13
17868 20935 47
6035 5403 13
21565 13007 15
3531 17928 13
24224 24502 7
8661 24919 16
2203 608 14
17771 6110 15
25558 8191 15
3038 18861 15
8957 22048 27
3953 8994 16
13495 25682 14
14893 9535 29
1507 27616 13
22253 9929 9
10773 1239 17
10930 12505 34
7361 27372 15
28462 22508 16
9030 9070 18
3617 6022 12
16507 9805 12
27485 8097 68
7484 17828 16
8254 7465 26
12345 15309 27
23698 9151 16
12856 14899 26
18496 2477 53
18510 20648 28
6119 7286 46
21139 17585 25
20134 1362 15
4341 9929 9
5308 6082 14
27793 2302 17
20581 27918 17
22591 16849 16
21476 21087 18
19032 8166 14
14025 27616 13
26963 12311 10
21912 27918 16
5854 3408 19
13898 7092 11
25492 12749 25
275 4269 5
22422 13271 15
23581 24593 28
16595 26643 6
25777 2203 16
20326 24450 15
23533 5771 12
648 28914 15
7910 25355 18
12322 11121 18
1627 3625 21
21256 26505 15
11411 28389 16
2643 4502 17
13626 9947 22
23646 340 15
1681 21608 31
4957 8561 8
8005 795 54
23896 7057 30
19095 13925 38
5092 6905 18
21534 24993 32
21045 28032 15
5660 3859 6
11271 3879 16
17545 6903 26
4002 18680 14
24778 931 28
12937 2042 31
19173 2723 8
28437 6571 16
26021 25691 17
5198 19562 14
22797 18540 14
28065 24092 5
1451 20362 44
3174 22269 15
5627 25532 16
3535 14452 10
2054 25523 16
19087 11993 14
26487 15942 32
11084 27992 9
16862 25485 15
9907 27596 16
19926 23657 6
13821 24092 5
11464 7062 21
3480 12152 29
17758 28289 14
22236 11053 32
17000 28938 23
14049 28728 14
14452 21614 6
10060 7772 14
6642 23443 5
24082 23504 9
10893 27495 14
27848 8425 27
25004 20577 9
9838 19570 15
10384 15309 24
17451 2007 16
24085 20062 13
23210 28147 26
23554 17928 15
22402 4251 16
19639 261 15
27304 20471 16
12459 5980 6
21175 8146 16
3430 16849 16
12585 15499 21
6145 26869 28
24891 17140 40
24275 2064 12
10559 3043 15
13819 10775 12
23246 9593 6
20353 4132 9
9399 14162 15
26781 25342 27
12269 2485 16
1639 14841 13
9058 19356 3
7266 2646 19
26765 13253 21
23763 5951 23
2133 8597 16
6024 19049 15
7759 19966 6
16116 17401 33
8990 23764 9
9467 18462 21
14735 27663 44
8572 15386 14
2824 3319 20
16668 6426 53
26356 25859 23
2296 28914 15
4255 9947 19
19027 9069 42
8145 24092 5
13452 18234 14
16007 13460 8
8949 15309 24
7814 18540 12
22527 8178 17
25281 7069 23
16627 3836 9
12373 20710 43
931 3625 21
9782 26074 28
20040 27853 13
5116 25908 6
27758 19049 15
15971 18856 6
27775 16491 14
17124 25902 14
20000 3338 16
14066 21045 21
20341 11710 18
28858 4350 21
28133 7294 14
19219 14065 6
9775 19219 19
19071 12934 32
1977 27275 3
26766 24808 15
22669 22696 27
26785 6393 14
28865 2042 20
9860 20328 16
10916 22959 55
17453 3524 14
16153 13286 14
11363 8822 22
1218 10848 77
20252 21273 12
11924 13680 22
2002 6445 41
11344 5439 35
24157 14903 24
2428 22293 21
10174 9805 14
17245 28372 28
27683 26870 42
27111 28908 13
12008 19835 22
9428 7116 26
5463 3414 27
21072 4919 35
6477 9463 44
5137 19130 26
24550 6959 7
5897 19321 17
7613 23513 71
7331 24078 55
20336 17203 14
14082 825 15
12163 6413 16
23340 5577 15
11025 25558 16
24710 27465 17
1384 6732 5
22696 13623 25
16552 19989 15
13321 11795 17
15510 16885 19
17585 20562 24
25754 1905 15
23990 24441 7
6561 765 37
1835 11790 13
15453 27183 13
26299 15386 14
4567 24673 13
24032 14603 22
8425 25249 17
28121 19639 18
28920 18895 18
20629 18015 21
17579 26409 17
11671 24078 58
9524 24475 23
27855 3535 13
7704 1801 15
16271 6003 20
13543 24470 15
19169 12407 13
12910 8792 13
608 3535 13
7003 23149 49
121 20987 28
19772 1430 27
28776 24280 10
5340 8792 13
9688 28999 6
4333 8384 27
22700 19966 9
7038 9756 41
27335 14146 14
8643 28257 21
12873 6082 14
14646 18680 15
3214 8561 11
1125 27288 17
5633 11924 24
978 21139 27
23978 3408 19
1903 9634 9
4985 14338 11
14679 18948 6
28546 382 48
25239 28051 11
26625 13371 16
27007 2007 15
22005 12910 15
11171 2854 14
20965 10779 13
19291 26091 17
12976 16491 14
27652 11547 47
9526 19069 26
19551 13460 13
13847 14235 22
27915 20471 16
6941 1855 19
24595 19553 19
9345 17717 64
14414 1384 9
7194 12913 14
25485 3535 14
27633 28048 18
16988 4098 13
11849 12981 13
1597 11993 14
14275 6661 15
6506 1722 15
14195 6642 6
7939 4919 22
726 25737 12
11129 11016 12
762 24263 4
20933 1934 9
24919 1322 8
27545 28039 16
25693 13161 33
23795 20778 13
711 28639 19
22358 3535 21
23177 261 19
6180 64 22
21248 13990 17
25960 7139 15
24800 21549 52
13890 2453 24
21666 28999 5
5009 14893 79
532 9154 8
3866 2927 14
21407 9116 48
17392 9466 18
1213 25163 25
26985 11993 14
21548 10177 16
5703 19529 28
11817 10161 12
692 11049 19
23078 3501 15
27451 14338 11
26973 5168 23
26272 795 64
26608 14841 28
8320 14843 85
11578 5191 12
12145 21332 19
10527 26988 17
25600 22290 24
13701 21866 6
4692 19913 25
28166 12651 5
24567 12504 21
43 20202 39
3014 25425 17
1665 11561 9
13772 17590 52
31 382 46
16586 11721 17
28719 14803 15
17878 6864 25
27429 13072 13
26258 19437 17
26678 17378 6
3164 4460 16
19789 20328 14
6482 4150 44
12938 7617 15
27995 8145 11
7415 993 13
24045 993 17
19239 3617 17
17652 21599 14
27291 15312 49
5294 13070 16
18843 14329 14
23394 11129 14
18689 19937 12
5758 25582 22
18234 28908 13
6151 5975 17
22795 15748 25
17892 9770 14
1157 5771 12
12390 15127 6
5230 16481 63
10863 27348 48
825 14748 13
7251 306 17
19998 10785 42
23766 17411 9
19835 13182 14
23219 28530 45
14321 4799 18
5965 7201 18
64 5363 18
5560 711 27
9908 13105 15
25140 10822 17
7702 21614 6
16533 11005 22
26518 6892 18
20193 10008 14
14730 4919 23
14899 5951 22
25605 20902 16
19328 12268 23
6003 8486 6
7522 22558 16
14696 2017 21
20703 25118 12
13358 10333 34
25534 3285 16
18923 22508 16
790 10773 21
25229 17208 48
2260 20757 16
7962 4265 17
28688 2533 22
13009 19219 20
11807 24627 8
26008 21850 14
12259 14065 7
17012 5771 12
12823 3932 11
28375 18302 20
27048 8452 28
2927 10500 9
20627 7167 18
17913 18387 33
9756 8890 38
18784 6710 16
20147 22418 29
21690 8087 28
8190 9615 16
22479 12668 50
11005 12563 19
4350 7256 15
4858 9656 17
3756 5684 42
24013 2909 16
4437 23027 20
23010 12981 13
23847 13715 25
27548 12460 15
19452 11309 46
1040 1478 53
16783 22633 16
28319 24263 4
25532 27049 14
20958 14692 14
28650 28065 6
21017 11100 29
26187 1606 15
15646 2800 16
16454 4023 15
5987 15436 9
17831 734 56
8878 15278 12
22766 1430 45
25400 19428 24
20902 9770 13
10468 12172 29
13161 10613 20
25993 25379 15
10475 503 25
15913 1356 22
3023 12311 13
25685 15429 12
28728 25239 12
21270 23676 24
7250 24244 19
5245 10362 12
1073 22056 15
24220 16595 33
1331 17362 12
28789 18967 25
19966 17222 5
28835 14268 4
13620 75 44
25890 24409 15
8041 25691 19
4077 16668 57
25375 13153 51
10813 3198 14
15620 6480 18
20657 10500 18
7600 18967 34
26174 4098 16
12803 21150 8
21331 11355 15
17188 17401 38
27032 10785 41
25593 17784 31
19253 17699 11
474 16849 16
23400 5425 19
21828 20710 46
22312 25423 28
14150 26167 10
324 15159 7
19431 4919 22
2864 24710 19
21569 14414 11
20882 1782 26
10129 18255 26
17645 28938 25
11227 7814 13
21644 21134 14
16428 18680 15
15855 8267 43
9164 27853 13
23515 26312 14
6566 16384 29
27599 17921 39
13408 28715 29
11604 24828 54
26082 28664 26
17639 2583 7
5281 13441 19
19347 15572 53
5262 4754 16
26870 5432 18
20922 12749 24
3198 8878 13
13025 15433 34
14503 15190 14
18192 18230 4
12484 169 14
11188 6003 14
21169 18540 14
21408 3719 15
17775 23795 14
13637 11767 16
20068 9467 45
24928 12822 39
4466 18058 103
11808 3429 16
12809 12701 10
10358 4236 25
14890 9634 9
13348 2533 23
5026 18540 12
7315 25056 15
11096 26312 14
17051 5577 15
24051 5180 22
20102 4985 12
6658 21273 3
10591 24402 22
18709 122 14
22583 23366 16
24766 18443 12
8716 722 18
17680 21339 8
20294 8005 55
18132 11928 18
20916 17679 24
12749 5021 23
23478 13027 15
3073 16849 16
25143 17012 13
14828 16907 59
2520 9297 49
11664 8254 31
23950 14290 11
10177 12311 11
6590 16753 116
25081 3043 5
22390 4132 13
8526 15309 24
8269 27918 16
71 7704 35
7335 16116 56
10852 28715 23
13957 14828 123
15991 1232 14
10613 28289 14
25486 24450 15
17219 12502 17
11416 15506 35
19134 14035 22
4375 923 9
23871 14603 16
7719 18496 57
13102 2372 11
28051 10500 9
19646 19864 14
10161 1790 4
16821 26668 27
15152 586 17
15153 26738 16
12885 24470 15
27620 5684 54
14803 18680 14
12454 7702 7
22959 16051 44
11198 13689 21
27806 23896 37
7487 11500 23
21632 2296 17
7651 14721 19
28025 14042 17
24659 28206 22
5895 4252 49
9924 4303 5
1232 15386 13
9615 13557 14
15312 27348 48
12701 2229 6
7053 13821 7
1408 24689 8
12255 6240 7
17362 12311 11
15756 19338 15
2312 3531 14
21324 13336 7
13118 12502 29
19633 2007 16
18633 28815 25
5486 2208 17
18327 12961 22
20609 3916 14
25674 24929 15
5951 2312 21
12650 28289 14
23119 2418 17
14575 16595 33
18309 13480 16
10949 17787 15
21038 20966 12
261 1949 14
8902 10592 27
2347 16849 16
20754 16595 7
816 26668 24
28981 20376 20
11130 6568 16
26441 12608 18
256 2064 15
4599 10161 14
24423 9154 9
28676 4194 16
4216 24323 16
22637 15429 15
12429 8878 13
7057 25415 25
15173 28289 14
17413 7631 31
8026 10242 20
14389 12981 14
103 10852 32
12034 1232 14
495 474 17
8691 26422 63
27225 13865 22
1153 5180 14
15707 10822 16
3092 16147 19
28022 10677 49
21608 26946 21
24907 19725 23
407 22253 14
11618 3719 15
12969 12445 73
3799 12028 15
964 24828 46
11998 21270 28
7004 26505 16
5974 23526 16
25937 10785 29
16209 2524 14
25642 23882 17
14138 3032 9
9269 17638 47
14722 816 25
1356 1362 15
2412 17675 14
10138 11991 14
2410 3408 12
25602 17787 26
12502 2312 16
192 15209 42
19320 23706 53
12981 16723 12
21451 20925 97
923 5879 5
24095 1101 52
14856 10268 16
13800 3535 15
17287 11399 8
602 3414 56
19853 9817 9
23748 10867 48
3859 7430 5
1326 25484 53
25950 675 16
26966 19835 20
8313 2583 7
14818 3066 22
7666 5577 17
4132 12876 6
16520 5191 12
11402 11353 31
10965 13214 18
12362 3501 16
11958 1328 15
25527 11762 49
1348 21235 15
20910 6144 23
3765 20935 27
20343 20630 44
1095 6732 3
27176 9602 15
22691 17203 12
9347 25482 20
3680 28032 15
24135 4098 14
11401 11624 30
16604 17412 4
1028 1790 8
19135 14783 16
13997 3473 19
25801 23337 38
25289 28999 5
23026 8178 18
1201 26668 27
1328 27917 14
25341 26162 4
25747 14025 19
9656 25682 16
13182 10362 13
5091 11031 25
8375 15278 13
28432 22739 26
7262 9116 51
28611 6609 14
8908 25329 8
4825 21305 17
27902 19648 16
5975 15039 14
20656 14603 15
13934 3940 13
6717 11452 17
7448 6905 16
16215 19966 6
15886 8526 26
24441 28389 3
22891 20353 10
28616 10342 14
22558 10613 15
18085 21912 19
8509 10177 14
27789 17203 12
15759 21575 15
1087 1132 17
24121 17447 49
24177 4458 44
3584 4341 12
14038 7918 27
18507 28186 17
9217 16723 13
2562 16520 13
20156 2944 34
4836 10949 16
4226 18939 22
18578 5928 17
9633 14706 11
13939 11550 17
17920 19503 7
18895 22048 17
2778 27419 16
3429 14603 15
25192 3501 15
15321 5568 56
1933 23241 18
6661 6022 14
15560 8526 34
23628 10785 27
3052 24280 12
3032 19647 8
10895 15127 5
16973 17579 21
5568 19994 50
1459 11904 14
20008 20958 15
28105 10165 16
1905 9924 9
743 25387 17
19989 19551 14
8071 3625 21
15225 13128 16
16152 43 42
21599 18540 11
4830 20966 11
24124 12311 15
25691 19450 15
16680 11105 14
20073 10758 20
28639 10785 17
933 12310 22
19179 1367 21
4502 11899 16
6055 21548 21
6238 3654 18
651 710 26
27259 9551 35
21558 4132 7
7123 14603 14
19616 3501 13
6462 18540 14
2314 20902 17
7578 13460 15
21965 19772 28
3502 4113 28
19049 15222 14
7275 8178 17
13923 13976 12
18577 79 12
4960 22140 31
17728 23798 19
4150 20630 41
25647 20202 48
23873 19647 9
11882 28777 19
10740 14042 26
28410 27032 44
12781 19864 14
6843 20062 17
17675 4341 11
13899 17703 13
4164 14326 48
7551 1425 41
15434 6658 13
18053 9285 32
16199 24470 15
28085 6680 55
11034 3662 14
22076 17223 15
18254 15453 15
24552 16007 20
10500 26167 7
8794 28230 30
16875 24766 13
11610 13336 7
521 7092 11
1127 7863 21
868 17378 12
14296 10672 17
6859 15433 31
25123 3043 15
21325 6145 38
8015 3430 18
21243 17203 12
13405 11039 32
25630 17650 21
20372 17012 13
11553 24672 15
17024 28186 19
21383 9553 24
574 26021 23
21273 21614 2
28095 25184 18
27434 26411 15
3377 16883 18
11362 24808 12
19648 27465 15
15708 19966 6
15449 12543 22
17784 8267 28
23764 21324 8
24757 790 22
12861 26545 64
26083 12885 19
9891 7062 21
13817 23852 19
7146 24766 13
23865 14622 10
22130 11362 13
4510 7617 14
11762 20202 43
7401 14302 12
19211 11807 12
28374 24787 13
26236 716 16
20433 25846 48
3916 8792 13
13589 11016 13
1466 14286 10
23905 5771 12
1887 4514 19
18058 26746 61
25851 14931 17
28713 14302 9
9533 7524 35
1468 17293 27
9093 2971 17
21877 16951 16
7410 7524 33
4394 968 20
1500 13181 26
19278 12896 16
26118 8145 7
12595 23579 26
26454 11016 13
23519 17362 14
6552 19468 61
6083 27495 14
16020 20513 17
27152 20112 3
27975 5168 22
4400 23067 22
5684 12505 35
14928 21507 22
13579 13448 46
5040 18241 14
7670 26327 19
17578 19371 17
28142 19639 16
811 20202 44
27716 24982 28
10697 324 18
12176 15936 14
15030 5026 13
16792 27663 21
13105 21307 14
16130 14235 32
23406 26839 21
8253 22305 15
765 13425 25
4410 7206 15
1561 28389 4
26209 11053 15
19800 5262 17
10043 17321 44
20695 9688 11
7643 8692 16
22467 4341 21
9648 8267 29
16773 5997 21
23215 11721 30
11517 7957 40
27586 306 16
7455 26021 26
7354 26248 8
18710 3719 15
15652 967 26
28156 9802 107
6199 15126 17
9515 18138 40
16951 5980 5
16989 985 11
18189 9929 10
21481 725 15
23961 23366 19
5007 23023 13
4203 10880 7
23756 16384 28
14453 27419 19
10733 18015 20
20568 22652 7
14955 15551 28
21298 1522 12
15351 17147 21
7186 27117 56
18146 7732 16
1692 15386 13
23432 23836 5
8279 544 28
17841 24854 16
9649 20849 13
4042 25081 7
5145 14833 13
6623 20723 14
12319 3531 16
14706 18948 7
14235 11113 21
22013 26643 6
23396 21666 14
16256 3421 16
3999 6413 16
25214 18856 10
20438 15853 20
27506 25587 19
27254 4628 22
10096 16595 34
6005 14945 19
24502 3043 5
20960 13680 16
1470 5286 16
5985 790 23
3692 25496 13
8937 711 21
13976 18540 11
11055 14833 13
1759 10165 22
19069 15551 25
4034 261 22
8268 8623 88
24150 27917 14
7882 15708 7
22673 25632 28
19882 27902 17
21144 1055 12
23378 13286 16
27827 18138 42
1774 17224 30
20873 17556 41
7092 12311 10
25047 18948 7
596 14544 24
17215 28728 14
18387 10852 29
22508 23372 15
17376 5168 21
10769 19966 6
6349 14899 23
19873 13701 7
3625 20889 19
3757 18827 20
1966 9770 13
104 13520 22
10988 9947 17
25362 12455 17
20191 28901 17
20758 2347 17
25576 985 11
7306 14275 16
13092 22166 14
19398 8281 43
981 1053 38
14863 6701 24
10073 10099 31
4526 790 25
19358 7139 7
7528 4023 17
22684 9947 18
27301 23684 19
24575 3524 14
8424 12110 18
25575 17771 21
722 10215 14
17797 4929 9
10857 6393 15
7957 20328 26
23578 15436 9
4269 28999 1
15653 23905 14
23594 17921 32
12288 14209 17
2007 11807 11
15551 14899 24
28169 2064 16
23241 15752 16
3221 931 24
18698 18357 10
14667 1474 9
28816 22637 16
6555 22451 16
6379 4628 37
15431 3043 15
8061 17438 13
9906 17585 25
12504 8190 17
17139 28531 14
26020 12570 18
25390 7139 6
1837 18387 32
12730 11604 80
810 14748 18
17393 26678 14
20736 24358 33
21754 23726 32
26407 8046 31
13015 23657 6
21064 7201 16
14593 3950 16
12927 20362 40
3008 3495 17
11710 26505 16
25184 24409 15
19507 3414 31
1276 20048 16
20912 15126 20
19529 20784 27
22667 18840 22
7940 12172 30
1593 24280 9
18475 4194 16
4737 19712 11
5335 18948 6
804 26251 44
28914 825 14
15967 17108 19
22228 19646 15
13714 23706 64
26953 14317 14
9824 7747 13
25457 9893 13
72 10350 27
9509 11126 16
6541 20048 15
5113 4290 15
25382 1452 13
27088 23156 14
7256 13557 14
11642 11129 15
17699 3879 8
25873 23215 32
11233 17883 15
12608 4976 16
14146 5489 11
10185 16215 9
1069 9117 18
13610 12454 9
15242 8157 30
7786 16409 15
4 22696 27
6414 15127 5
6892 5340 14
17550 10342 14
25266 6960 18
20775 27275 3
13715 18306 24
2632 5168 22
28014 27391 18
22336 825 14
19235 14725 34
1115 10848 37
11316 4664 25
12293 18856 6
1721 7523 22
13577 19562 14
12603 23215 32
18728 11721 16
18306 20328 20
11049 24642 17
9490 27049 14
26377 24078 46
27359 11206 10
28777 3430 18
25984 1117 15
19160 10365 76
16690 22401 26
19786 14290 19
11863 1977 6
7567 20211 13
10840 70 9
19263 2350 19
6531 10952 42
4943 7397 27
19982 4341 17
7095 22696 26
181 544 18
129 2809 20
18409 25937 32
6910 25485 16
22406 6149 14
1425 12505 37
5355 24642 17
6521 15182 16
27912 21273 12
25473 7524 32
9239 6522 13
15499 18309 17
15610 19551 14
26248 3600 7
14637 12699 19
24874 2030 18
14721 27088 16
25886 18421 17
12407 2064 12
7398 24598 6
9465 18255 26
20849 3043 10
18540 10758 6
25302 16520 13
3338 25239 14
28684 2809 20
11486 23905 13
1875 4919 37
23181 26074 33
17412 28999 2
20368 3662 14
23835 821 14
4548 28186 14
25953 9524 24
9116 14533 47
17928 20570 12
1365 9215 43
9401 17758 15
8452 24358 24
9199 12650 25
19121 26312 14
10826 26251 32
8177 1835 15
10785 3840 16
15323 14692 15
11500 14351 17
14065 24092 5
18270 8878 14
4754 20958 15
20966 20819 8
9926 4929 17
15278 17703 11
16744 2030 18
24627 14099 6
15487 1430 28
15748 20778 14
8585 21408 16
24030 1040 62
23370 18948 6
19748 13448 46
13925 8267 34
24295 14436 24
20935 22401 25
1782 26966 23
25417 1179 48
26466 22263 45
12691 17787 16
1949 16989 13
15936 15159 9
13669 7585 29
13195 27992 9
13251 15182 16
23809 5969 25
20388 22558 16
6215 7062 22
4172 17550 15
27511 13460 13
23055 9338 21
9593 11842 5
25355 20778 13
2453 3625 21
18967 3625 20
14055 11721 27
16051 25937 30
17108 21339 4
6553 12981 13
6905 5990 13
837 20581 20
12392 24277 30
18594 6880 26
5807 5168 20
10495 14099 13
1445 20073 30
28186 18443 12
8617 27599 41
23622 18633 27
26919 1073 16
9485 27926 54
1557 18856 9
23882 20211 15
25451 28186 13
18484 9929 10
10305 20211 14
16849 14748 14
17883 5340 14
23981 4262 14
13634 13380 15
12103 24323 17
26673 5141 47
23526 6393 15
26902 28374 14
20103 23504 8
446 6062 23
10454 6393 14
26074 8267 27
11206 19647 9
16942 25593 47
24702 24277 29
2698 16636 21
11561 10364 8
11908 23023 10
2745 19426 14
26270 28289 14
28590 28065 7
14334 3408 14
26422 20630 40
12240 3527 14
16054 722 19
18599 5951 26
9070 20960 17
25094 17840 17
1674 10758 18
20562 18967 21
24781 5609 23
8881 20261 17
2532 1201 29
19122 19966 6
21467 5623 9
9126 16844 18
16164 25647 51
18763 28914 28
12732 1837 33
806 24275 13
18797 14414 10
16504 5340 15
23337 10069 15
25766 16744 19
5057 5093 30
6130 17401 33
23634 971 73
8256 27775 19
1020 22527 19
9802 6719 93
2530 9748 21
5578 6382 19
2223 24045 34
28182 21549 47
28044 3840 16
17102 21176 12
1872 11807 17
16885 13321 18
8781 6721 23
10184 9915 26
11814 28048 27
16491 16723 12
13192 27547 10
14099 5879 5
16352 1943 23
16834 5577 17
3078 18577 27
1341 14798 15
10099 1132 17
26338 14317 15
17764 22253 14
21341 18070 17
23917 27963 23
10651 3501 16
15573 22510 11
10239 23905 15
11447 27511 14
18557 7654 62
8073 931 40
8831 28065 6
20819 15507 6
2981 14667 13
18795 20478 17
4667 5684 46
10823 1905 23
16975 13904 23
16288 14603 14
17703 2583 7
24852 20642 19
19066 17033 32
9985 17282 21
6953 23515 16
12631 9070 18
1474 19981 8
28082 18138 43
13635 12096 11
11993 2007 12
22803 28339 29
12460 5771 12
7330 6003 9
3716 15956 20
27714 14659 18
21866 1934 5
6047 79 20
23173 12822 28
25379 20723 14
19019 22166 15
18782 28374 14
23047 1322 7
20565 43 46
22205 12595 30
1198 24792 8
12924 28530 47
17418 3043 13
7099 17639 67
27391 27007 16
16780 2475 33
1943 17415 16
23915 9935 18
21305 7256 16
22432 25425 16
19317 12558 24
11375 26966 21
25901 24220 35
8317 20710 42
27922 10823 24
28389 11105 2
10691 1522 12
5771 17703 10
10605 14748 8
16771 19981 9
16923 17615 22
248 1905 10
9415 21180 41
12857 26738 15
8486 21614 3
783 21476 19
27564 5026 13
22739 8452 25
18334 26248 8
9655 12847 13
23725 4236 14
2267 18599 32
5650 8558 10
18663 21666 13
27919 10854 22
18995 17202 18
2475 18188 23
18064 21139 31
14352 21614 6
17657 21038 15
4342 18856 5
7465 8910 17
4905 11193 36
1886 27275 3
14594 14833 16
23651 9524 27
2302 11105 6
5457 24701 15
7884 28615 42
27694 13620 47
18640 10043 45
22 12419 26
28052 16849 16
26906 5403 13
4976 9893 14
23129 16187 18
13371 20902 14
24062 13336 7
3974 7747 13
27629 4618 17
13659 5200 12
13380 18192 5
27348 7286 45
2646 11993 16
18861 20577 14
17659 3861 34
21210 25143 14
6932 6905 14
14794 9070 37
21886 26454 17
27492 21629 42
2961 7167 14
9663 9535 26
11365 12311 10
16589 13188 33
17278 12145 20
16173 20819 8
9686 24450 15
14657 3879 15
28829 12502 23
17058 13952 26
20772 28530 45
26662 2203 15
20664 27749 20
7196 1265 19
26737 1353 18
27525 28981 29
12286 9770 12
15506 24277 31
21629 12927 41
22773 27049 15
11647 2296 17
18241 3043 13
4181 24673 13
13693 28032 16
26327 13520 17
26296 20775 11
25273 18129 5
19888 9204 22
3652 20492 16
7745 13460 13
19975 10242 4
1700 6680 49
2690 24224 8
3804 340 15
15175 11129 13
1255 19216 27
1239 14275 16
26496 6701 15
27853 28908 12
13962 11612 19
11484 8957 36
19721 12900 38
9518 27375 18
2829 24460 65
15275 8145 18
15635 17590 44
7918 18967 24
11169 12407 13
22481 9782 29
19216 23763 24
24851 1087 20
7110 1748 13
8491 15278 12
1963 3583 8
18357 14101 9
1860 27495 14
26592 21324 8
28667 21296 82
17660 20062 18
1522 5771 11
8837 22339 15
21755 2827 49
21128 25408 27
21947 19503 14
7665 6335 18
9733 18443 13
15953 14452 16
12960 11680 9
22171 21438 13
3238 12840 13
14843 14326 48
24480 1639 18
4750 8157 24
26186 8191 17
13687 19338 20
25065 21823 17
11100 6880 28
8558 26118 8
15873 19748 57
25097 25682 14
19725 24683 22
16201 17778 16
28967 23533 14
12968 6022 15
8336 24854 15
11290 12211 21
27513 14856 22
28498 1522 12
20466 24553 35
12993 25582 34
2813 24929 15
3356 27451 17
2769 648 17
24855 17590 51
26234 12211 21
2360 25081 7
8768 851 16
11036 18484 15
17282 6003 16
13879 24787 15
21507 6062 21
21937 23504 9
13696 20819 7
1934 28389 4
5990 14099 12
14609 11550 16
2966 13511 19
24093 14035 26
2923 11842 5
21382 13702 13
26651 24854 15
17004 5854 21
70 14841 8
23793 6732 7
26393 18146 20
27963 16491 18
27886 12878 14
12076 25019 23
9608 9893 13
1430 10785 26
3414 10785 26
16903 5579 29
1981 27853 26
2214 17556 65
15992 11113 21
26028 3625 25
26091 6022 14
2097 18519 15
19503 1934 6
5466 25737 12
11680 14101 8
1641 4170 15
23815 25313 7
23806 25747 24
1116 7641 17
13435 12521 17
11113 24475 20
4282 18680 15
6571 9271 12
8688 13847 23
6996 10283 15
5731 5978 77
24071 9756 41
12285 2849 49
25358 6005 38
23326 26533 16
8046 20191 29
24593 20328 20
25882 5951 26
18787 19069 26
27966 15127 5
10113 13899 14
4778 12671 17
17894 17453 15
19356 28999 2
16559 13579 59
17724 16018 26
27316 18625 21
4929 17412 4
4570 24062 8
2198 17717 42
10131 3198 14
10127 4607 15
432 28048 18
25560 11375 22
3135 14101 9
6765 17703 10
18070 13976 14
14475 28999 2
28633 1748 15
3817 24683 24
8340 27419 19
14903 5491 22
23706 6680 50
13142 17717 48
20180 12822 40
27663 24063 20
9551 22140 31
24965 22229 14
3146 23698 17
20399 7062 26
19023 12445 22
8714 3531 18
4628 13214 21
19125 11129 23
8929 6832 5
14622 9271 7
20280 15173 16
6650 19575 23
18964 15853 20
21005 13899 14
14945 21256 16
4565 26296 18
14723 25170 19
23580 14890 11
20987 7201 16
25689 17378 5
3600 17017 6
25425 5286 15
25680 14659 17
11121 17787 15
23486 22845 16
21096 23978 28
26293 20966 12
19530 3501 16
3434 25408 27
26643 6832 5
4113 22166 27
11261 28070 18
14614 18230 5
9553 21045 18
14098 11110 18
27854 26765 23
382 16051 37
17140 17208 36
20605 1452 22
16187 21307 15
13188 28802 32
1036 26505 15
28261 18230 4
22553 25318 15
2638 14899 25
12930 24277 32
20635 7361 16
15114 790 24
23878 12172 42
8087 967 26
16099 18230 8
10413 24602 21
18850 11655 42
21431 6732 3
15070 26074 31
9765 26401 16
15408 12319 17
25384 22591 17
27221 10362 13
7646 14603 15
20821 2854 14
14338 22253 10
26436 10342 19
20071 11916 49
7069 11624 22
1363 9636 23
17564 27111 15
26210 23241 17
8255 3961 20
7430 5202 2
25682 7747 13
28655 25680 23
15942 21296 29
22263 26422 43
19297 791 13
1503 24024 23
8136 16083 19
20757 23905 13
25692 20902 14
6798 8071 25
17650 3662 14
2050 27372 15
5029 9947 17
13224 19643 16
6142 28880 17
13896 1445 33
289 4750 29
18769 23809 28
20389 13181 20
27796 8166 13
18703 1890 35
2131 26277 23
3197 10500 14
14329 3535 13
25386 20819 8
23791 18856 19
14101 14452 7
21303 6960 16
27376 26457 15
16933 27685 28
6007 7294 16
20642 26008 18
25246 21296 38
21180 7939 32
22094 17861 16
13212 23950 15
18412 15126 17
6587 1665 16
20648 6630 26
12876 15127 5
6988 2927 13
25897 3414 28
7253 2919 91
14252 23372 16
12496 323 27
657 6240 8
2935 8097 63
28933 28577 8
28531 13277 12
1592 26079 18
12961 5340 15
26522 6149 15
1062 14603 15
16631 6670 20
16592 6022 12
22339 726 13
145 981 69
24509 3617 17
4270 21273 16
9197 6180 24
1042 10008 9
6721 23067 22
25109 5785 23
6605 23809 29
1209 5980 7
15753 25273 11
13904 3804 17
20570 26248 10
14283 12211 23
8612 25536 16
25905 3198 14
16240 3916 15
19512 7747 13
5695 2064 18
11024 15392 15
7412 19786 23
26611 17208 61
23352 28289 15
14543 28999 5
15507 1561 5
425 14856 21
22313 1474 9
10364 19503 7
26144 7331 57
5187 17590 65
28802 7062 27
19387 20889 17
7599 13696 10
16367 15855 46
6027 6082 15
27843 13821 12
27000 24441 16
15917 14286 11
4262 23596 13
16481 13944 57
2849 19192 43
11572 22481 33
27115 5881 32
20105 25452 42
24123 6710 21
27518 25318 15
21326 23519 19
17435 13701 8
27994 17590 41
25177 20211 15
7462 3524 14
21529 2391 26
7538 11130 19
19384 11899 17
8099 9465 27
22190 6701 13
5129 15408 18
16729 11034 20
493 28085 143
27972 20202 43
2529 28377 18
28339 8526 25
5767 11234 7
17881 4236 32
23158 825 15
6891 4453 9
13944 7286 47
16970 12822 37
27275 4269 2
1339 17203 12
21545 3109 16
3935 3654 18
24844 20102 14
12354 10012 18
8021 17102 21
6359 13336 8
15310 5191 12
10012 15222 15
12254 10362 13
14267 6299 15
20723 23533 13
20982 13623 24
14155 7398 9
971 17638 67
27049 3501 13
1441 28932 8
9815 5083 21
4319 26839 23
18427 13519 51
8371 24665 66
6580 7535 8
6279 5491 23
15375 8146 17
14012 14209 20
26316 99 17
22014 6997 53
27495 13460 13
118 9271 32
11353 20252 16
2016 17418 14
11345 1609 38
22159 27870 14
18744 25056 14
26655 8623 109
14268 10242 3
27091 7430 3
19428 23121 18
9473 7641 16
3552 11516 13
17587 28289 15
16883 28289 14
17402 14748 18
27756 7196 20
15257 12822 29
3583 11234 7
16991 22855 27
12463 13923 13
9326 1905 10
28631 1445 33
13420 3987 16
12264 11464 38
12546 21298 13
28073 7702 7
3481 1242 19
28615 15942 32
19570 13460 14
28530 6531 44
9482 13253 15
10349 13451 16
19568 19835 15
16606 5191 14
8384 25485 19
23372 20849 14
19937 9924 7
25462 17438 13
14210 11362 13
9297 10785 43
16421 6022 16
9354 20630 48
6832 28999 2
15900 765 27
8195 743 22
20021 1198 9
26360 24972 15
2752 22553 16
306 19356 7
22082 17378 7
25249 15173 16
22936 7906 33
11265 1452 14
6712 26785 15
18767 26404 18
4607 18856 6
3996 1951 42
2363 11655 29
18719 3465 33
19461 16723 20
17948 23628 34
7254 21599 12
15508 21828 47
844 19926 7
22734 11353 26
1859 9615 24
22259 11612 19
5879 24598 4
14582 7004 17
20939 12822 56
4303 4269 2
28673 14065 6
28266 20703 14
15494 1425 40
14050 27819 47
11309 1199 41
8483 3122 14
26089 10758 16
8020 7590 5
1883 26358 15
17563 20376 22
16301 14603 19
15500 16989 12
3961 993 14
17848 12293 10
18862 8452 30
12683 17770 18
4699 5491 23
9748 12961 20
9353 19529 28
2019 2840 29
23836 14475 3
11338 8815 21
20230 16521 15
25222 12898 7
21638 6522 13
17224 10785 29
23513 15508 51
17269 1362 15
24269 19926 7
15083 15392 18
25452 12822 28
2800 3501 15
4088 20134 16
19323 23554 19
18284 7772 14
19927 2919 62
10672 6623 15
19796 2198 51
23156 20062 13
15379 22013 13
1545 19648 16
2377 28374 14
570 16989 15
11145 10185 15
1265 5286 16
13288 28908 25
13689 9860 19
21132 26422 42
16150 24502 6
11165 9091 25
18030 14162 15
11139 20328 20
13106 13865 15
15197 28230 14
14711 27513 31
24059 17012 14
6719 27492 44
16638 5302 9
14108 608 17
13480 7256 15
15752 13557 14
14935 25769 18
25170 26738 16
5171 23905 14
17537 6903 15
28451 12684 17
17293 8822 24
25304 9697 31
3495 24598 6
6445 19426 14
24772 18939 27
9228 9842 23
14922 5491 24
21917 15182 17
18884 16521 16
24805 12549 16
307 19426 14
8708 12459 10
17065 5771 19
24792 14452 7
21311 25737 13
20016 25342 27
23459 306 16
7903 14679 9
16548 4088 18
21023 26377 51
9902 26422 43
24898 10495 15
5637 8267 45
18546 3617 14
28792 7430 3
17679 8157 22
19435 4342 9
10068 2289 20
16083 27049 14
22401 20211 13
23852 2485 14
26537 19027 45
24560 5785 15
4997 20703 18
21549 20925 46
6355 1053 38
12115 11464 25
739 6141 29
24776 22205 39
4459 27819 48
8429 20362 36
9622 25886 42
10333 21296 28
24701 15917 13
5490 16520 13
20087 15309 24
17149 16891 45
4569 25689 7
7860 8336 22
24460 4458 43
26238 2843 18
992 20471 19
20354 26963 11
1965 25937 42
24257 28802 35
5534 2195 29
17147 24475 20
15692 21324 9
19080 3066 23
18653 27197 18
16755 8281 49
25523 3662 14
18010 7397 28
24277 14055 28
12767 10177 15
20764 5771 11
10677 21435 45
14486 726 14
14783 10840 13
25224 23504 8
3836 8709 7
15984 24275 14
3647 9151 18
19468 7331 56
21134 14146 13
11213 16520 13
12680 9164 14
14587 18230 35
19 12910 14
17254 9215 25
14042 851 16
11210 19981 10
25745 16970 51
2911 25163 25
28315 11361 19
15554 17438 14
18224 26738 17
17818 10008 6
27183 21599 12
26274 10779 13
3224 14931 15
16868 1674 21
22396 19643 33
12563 18241 15
26375 10880 7
24169 1650 97
7155 20328 21
22427 15635 73
13218 5491 15
9154 8145 7
13870 24394 17
19363 14659 17
20766 16116 34
28932 24092 4
27029 5129 20
4523 26375 19
26443 26167 8
9111 2971 18
10411 16989 13
7652 1718 24
1478 7286 45
27918 11169 14
7631 8643 22
28694 25118 12
17221 24269 10
9298 13715 26
26684 14317 14
19473 10008 7
7732 10161 13
19764 21044 92
23448 28163 21
10433 28663 36
24570 19926 18
23508 26000 27
17203 9929 10
25067 18599 33
6426 5141 47
19437 27853 14
23063 6478 15
6873 19646 15
19994 10785 44
17778 13557 14
100 1934 5
3445 5463 29
14303 10840 15
16776 18843 21
16753 4960 43
9770 3043 11
16530 7294 15
17921 1430 31
17021 15396 20
28558 20966 13
12068 26189 20
9541 14533 45
28372 26668 26
4105 1903 16
4329 837 24
1970 19878 42
13144 15173 15
22762 432 20
8033 10333 32
13084 2082 29
8316 14603 16
25737 17703 10
1179 21828 47
5978 4150 48
168 22851 18
27547 14452 7
5928 10283 15
24818 18146 17
21959 6022 15
18352 27049 17
6880 17579 23
3748 14338 12
24347 4181 14
25060 22048 29
26432 20935 28
14583 8831 7
20620 2203 17
24024 8707 18
17931 13562 49
7654 16970 49
718 25387 18
16458 13659 23
26712 3804 19
17321 27492 43
28528 20710 35
22104 19648 18
28577 19966 6
1117 27495 14
19779 4150 50
6053 9915 18
22269 17418 14
24517 28085 86
9508 9967 28
19802 16627 16
24452 7123 16
24601 3531 45
17978 24907 41
28934 1657 69
4116 20774 54
26323 17322 23
1764 19772 32
26000 28908 15
14848 4570 13
6140 12419 26
11735 22669 30
24952 23149 52
3565 17590 44
14493 6988 15
11799 19975 5
7267 12463 14
2229 28389 5
11399 6276 6
17141 22993 66
4705 11991 15
9247 4341 24
21070 9805 12
13185 27518 18
22997 11916 58
3508 21064 23
27138 27780 19
8750 2350 18
17033 12595 29
28832 16885 20
10952 1053 38
11501 10918 16
23269 17293 32
26869 12502 20
5202 28999 0
1158 18763 30
1101 9782 30
15442 24275 14
28206 21912 21
4812 26639 69
27577 7003 58
12699 11110 18
16325 13253 17
25408 10785 26
6743 4408 27
13631 12028 15
603 7906 15
23862 14338 11
1657 23149 60
9338 18302 14
12934 9353 29
