24335 13759 16
135 13388 13
9308 14192 17
10481 135 16
24259 7675 7
7675 17468 4
9535 24259 60
615 8411 58
15445 17917 17
17288 20183 51
11383 28940 24
9688 12378 35
8827 10250 36
23536 24335 32
12456 601 18
9047 24513 18
20062 12434 30
23704 24296 24
18434 9698 34
26742 4643 29
14505 10894 18
18097 8411 20
3060 2752 38
7311 1080 21
22219 28547 18
8544 13021 44
13021 14143 31
16236 3233 62
2529 4643 34
19102 28713 27
20573 6888 29
28550 7256 24
7197 3154 39
9698 8437 18
8774 1235 14
6300 683 24
11723 8037 35
18258 24411 18
18584 19610 27
25300 11560 25
3233 11715 45
24098 9364 41
19908 12456 21
19893 17334 58
25531 9767 33
1235 13388 13
24992 8462 32
50 3154 21
28547 13388 12
8411 6888 13
9163 28713 20
24296 13851 17
7279 28547 34
19407 7128 29
20418 11327 35
26478 601 24
28999 28999 -1
11799 28999 18
8621 28547 33
14143 28999 0
13811 28999 2
2192 12434 28
11560 14143 12
6789 7256 24
10035 23508 24
11051 7079 49
3929 2464 34
27838 24100 39
6851 2192 45
18023 24296 51
17706 7289 21
28638 14192 19
9364 24103 40
256 8774 23
5315 14882 25
9831 7289 22
2464 10894 18
24747 7289 22
7256 14900 17
13759 15981 15
15199 12694 33
5823 13759 16
3219 18434 42
6326 12378 55
23668 6888 20
12135 9364 53
22806 24259 29
8535 4389 18
17917 21038 15
22803 24296 138
11715 10714 29
8356 6436 37
3154 16409 17
7289 28778 20
20183 12378 28
20039 10714 28
21897 256 63
12752 1235 15
12518 28550 29
16726 14882 28
587 10841 24
18132 8411 20
28713 9540 11
14882 14143 23
24520 17503 28
12995 11399 33
16005 24411 19
26428 28778 25
11044 24657 66
14901 15465 45
19733 3929 44
19396 7289 22
8493 17917 16
1217 11109 38
16695 6437 12
9540 24259 9
10232 17468 11
20837 8535 25
28940 28778 23
27281 1235 14
17794 7079 26
24100 24259 24
26418 28550 27
3493 11799 25
2378 16409 18
9168 9831 42
10894 8411 16
8102 12694 40
1526 28713 13
19610 3500 19
1789 17468 10
525 27281 26
11360 12752 17
3484 4389 17
28778 28713 19
21038 28713 14
13070 1534 23
12378 28940 24
13851 28999 15
1163 17468 59
8399 587 27
19790 28638 29
17334 12378 37
21422 24513 20
24333 17468 22
22226 4389 23
7079 4643 25
5387 23668 26
12434 17706 24
27104 12518 62
24657 8774 23
3500 11560 14
22177 14143 11
9767 6283 19
12136 11560 28
12694 24259 25
6437 28999 6
1811 24513 17
7064 28550 38
8022 14505 19
22524 3484 37
1574 17917 21
25547 3233 70
8037 11109 30
11399 23508 26
19771 18258 32
284 15465 64
11713 6437 13
15465 1526 14
6436 28778 35
20587 24747 25
10841 13811 17
22443 9308 19
10714 8535 25
24513 8774 16
25693 6141 61
14861 16236 64
8462 13811 21
5064 11383 35
5059 2464 36
24268 7675 17
7128 22177 21
16503 683 50
22662 7079 30
10102 21038 17
1534 24103 19
14699 5387 46
11327 12694 26
15981 24259 9
24324 8411 20
11109 1811 26
5010 6437 16
6361 7289 21
24103 13388 12
22996 24103 19
12538 6116 65
28386 8621 41
13217 6283 16
6116 3154 51
24411 8411 15
9252 11799 26
4389 24103 15
6888 13388 12
6141 8399 29
17765 10232 22
8437 135 14
20064 256 33
2752 9540 34
601 13851 17
4174 9364 45
17503 1789 11
23508 21038 15
683 11713 19
6283 1235 15
17117 28638 33
22081 3484 30
17003 12694 29
12042 11383 46
3249 12378 26
14900 9540 15
87 18258 26
16409 9540 15
10250 28638 31
14192 8411 15
23600 11799 31
4643 14143 22
11805 6361 45
13388 24259 8
14300 2192 36
1080 17468 12
17468 13811 3
1609 21038 18
