39620 582 31
15278 41915 9
19912 1637 50
45097 24824 20
25799 23584 70
43358 19027 19
50387 40038 71
4214 48987 21
5016 57455 10
24733 45355 32
9822 28343 25
17062 33713 14
55430 17968 36
36171 23574 41
43359 978 40
53320 56261 55
41468 29882 21
40637 49174 32
19597 16363 52
25795 20851 77
3807 43295 25
23696 43874 16
34400 47397 77
1936 7195 35
31663 59108 41
35486 47206 63
35984 58493 37
36772 59100 40
19225 56793 24
49271 57455 31
55208 23081 29
57059 20271 40
26558 9760 25
2810 43359 12
15584 30770 15
24019 58561 60
23454 40410 37
16071 33901 37
43964 33294 14
25890 6395 26
3358 39769 99
53451 42447 22
23615 57059 48
30277 10750 66
26714 36809 41
25970 21755 52
37492 40489 27
46635 22421 16
2247 58493 104
37158 34644 40
30695 56767 49
39256 34188 18
54339 23226 22
7300 26039 42
50124 28252 41
29446 39763 28
37992 1840 11
32345 58834 100
30124 28891 34
40687 7828 34
33713 16447 18
41782 5961 35
13399 19030 30
12999 57170 40
55454 58485 51
49487 8366 17
15679 59776 19
32290 38607 45
46273 56261 53
15333 51885 35
32686 13085 24
58087 9697 44
4973 15333 76
48551 9598 29
42252 48912 35
29996 51199 24
12807 56213 19
12010 19225 68
33258 52375 61
50114 34722 58
36924 13326 26
7929 2250 25
31851 28213 28
38249 40426 24
48912 59999 4
15789 34289 30
20861 58485 63
8837 5300 30
16005 40460 57
21167 22995 52
38588 57894 58
22636 26031 54
45386 30807 29
31806 59999 15
12493 8330 28
57845 33901 80
18294 522 63
3392 16728 26
3840 45355 14
37094 14309 59
7270 23226 25
53286 20256 50
26189 16005 17
26852 40410 38
43877 22920 68
51680 39276 19
1637 35070 33
14485 50655 31
52672 1878 21
52612 37820 14
50601 25436 58
35161 57737 40
47990 49875 55
4170 39025 41
50623 45586 28
25751 27597 58
30844 44470 22
31882 48237 48
3819 19552 75
25708 37824 27
34294 37654 29
24636 2247 42
27173 42732 26
49676 29454 14
21196 45319 21
54936 29014 42
20117 13916 21
41410 1878 53
57096 55140 42
582 15757 45
67 31806 21
38224 20789 54
8777 22301 8
17447 40038 55
26473 44952 52
38183 29117 13
56761 48950 32
34770 31248 18
3189 17431 22
31003 37973 67
28828 58493 20
45486 45534 17
53855 48892 48
40426 29882 22
40587 31003 70
50179 45355 50
34611 11206 23
1106 31493 11
35577 57894 31
49922 8635 32
16378 30770 51
59358 1637 24
42065 40460 78
16435 59571 20
16462 59776 33
49199 59314 53
35891 15906 29
2371 38964 27
59760 52211 22
57601 2567 35
172 34865 71
24824 40019 13
46656 47392 16
26275 35448 92
16439 2040 44
46570 33593 12
11255 57698 52
59385 27672 58
12479 1840 27
38324 27551 19
22920 9768 26
3770 58852 51
28578 41769 34
41769 20867 45
26284 20256 35
31248 37410 86
42667 53286 28
27778 15471 57
43489 57455 10
23590 59358 42
28213 33221 20
46706 14485 80
55844 57059 34
8929 10750 59
45229 30206 43
26337 56044 16
22162 2810 26
49358 18248 59
56767 44346 57
41281 52211 22
52538 18582 77
16728 51885 47
5627 31806 28
18822 52612 16
27213 27949 68
23708 45956 20
25682 1665 35
32992 57059 20
36278 2250 86
13824 46273 50
15757 12214 29
49897 7758 33
27597 54139 60
27659 1950 46
28964 42447 20
36152 430 56
14309 59938 21
5332 36143 61
45448 25532 23
48892 33713 16
1828 23841 16
15689 50583 38
50665 968 21
23784 16730 53
27949 10318 57
9679 23220 46
54357 36698 82
12747 45869 60
58493 36637 22
51504 8339 57
15511 34611 64
13772 4676 6
19704 11206 36
30038 44478 43
51415 22291 26
12863 34294 52
26149 33221 28
54092 59571 25
17823 23083 54
56058 5084 56
45956 21761 34
2879 45569 49
41154 37492 63
36654 21122 52
6785 43565 20
42918 5607 51
14314 7929 84
25532 16730 22
5620 44689 31
27508 10375 18
49155 51428 52
9839 42193 66
38534 48508 28
38451 8419 28
26084 43268 25
6146 20789 57
23869 50831 24
17225 1950 39
26651 32866 18
39683 34047 29
8404 15250 29
47111 51089 26
13561 7331 22
2373 2810 17
19134 31084 69
39955 56027 56
19995 52538 36
11253 48892 11
49344 44848 23
22976 46933 64
21674 44952 35
21300 39189 43
56044 6395 22
44689 21103 26
27083 27662 19
13557 9760 34
14773 23081 15
52794 14693 56
2286 53322 32
13581 2810 38
51973 49906 21
2981 49271 12
3268 33866 53
26169 11139 28
44087 53277 32
23746 15093 13
24919 44952 49
18632 5897 32
32108 58852 23
56973 57158 35
43810 25795 16
58852 54102 37
35448 28563 39
39763 50655 28
31084 29632 10
20756 3483 39
43295 16728 11
40460 15837 12
55638 28942 14
16154 50625 45
21755 30206 86
20271 32317 15
53091 44774 47
22008 1665 29
19242 45603 25
14106 45046 49
52814 33108 17
42397 32335 48
56550 7178 76
4473 17225 47
4788 18222 22
6395 49292 14
2583 21114 19
1198 54327 19
23671 7437 22
58222 42732 23
54327 38899 10
19641 31440 53
35162 49705 93
5571 16137 24
59776 15333 34
24371 56261 60
16495 334 5
46117 9760 12
42447 12479 18
13085 11139 71
9960 58336 33
43027 26558 22
15711 9135 74
34168 50114 38
56904 45691 67
24902 27148 61
32782 30294 10
1012 56455 70
34603 27083 18
22291 33108 23
49174 37654 22
40751 33294 30
2260 43358 27
52701 39890 21
7195 46961 46
34892 29288 43
10418 52730 20
27769 24460 57
22612 59089 23
8366 5521 19
29088 7493 38
53400 58602 88
33901 52625 20
35039 22421 21
38347 20867 30
436 40149 24
14930 27072 51
12640 14249 22
30770 978 13
50625 10750 58
8840 17103 62
37824 17431 28
35480 5902 26
7603 23220 14
23393 56165 17
9315 8187 63
16641 10318 46
59614 58493 38
46224 24285 28
41736 14277 41
6512 7603 22
36841 40426 40
34027 39910 17
1524 50124 48
59205 20861 55
751 15905 25
37779 41782 66
42841 23708 34
53408 38656 37
50719 274 38
47244 24636 66
31815 44009 35
7828 48950 34
44848 16145 28
23384 10318 28
51054 25436 20
41047 11469 84
47397 4788 55
55900 12479 35
22458 18796 38
31482 41468 21
51236 7629 27
48987 32271 18
48401 20271 33
10098 14701 49
12272 40410 45
2543 44705 46
39345 37654 46
11369 5016 17
28277 42065 14
47780 59934 50
20869 41633 36
18182 37824 17
30388 48987 25
12765 14982 24
9134 40460 15
32771 20 54
46989 55804 26
9697 42604 65
21696 16145 38
21114 19042 16
7758 45603 58
29734 19771 20
2250 49292 12
49906 30739 23
2040 37654 66
52306 21114 75
1377 27083 16
33069 38183 40
274 27662 44
39579 51853 12
362 16439 33
14546 21141 29
28824 30739 43
24569 33544 80
29945 51680 18
22421 15333 24
58304 15913 22
9791 58336 51
48306 25890 31
44009 25532 124
12460 32621 22
4426 7929 27
48861 14309 19
1003 978 61
10524 20235 32
11401 49594 87
46129 37793 35
29685 5066 91
20871 16439 44
57477 57867 35
45274 18848 27
58864 8625 22
8419 13521 43
19413 23110 44
40290 42105 102
59602 23464 62
39795 24526 46
2085 45956 16
36809 1326 36
30607 41468 19
39025 15095 19
59100 41224 13
31877 13535 20
24604 25532 30
11389 20256 21
8011 8037 56
5607 7758 39
35443 1840 14
49705 56793 38
52069 55900 30
44705 32271 25
10267 52625 67
35501 19042 19
52625 34294 61
5015 3608 79
19386 7898 60
21899 23708 22
43165 16641 40
22845 35817 48
11784 45639 21
41606 13936 17
5961 341 41
23226 57455 41
43658 42588 43
54955 40890 38
49758 44952 25
45046 31228 57
31816 43565 20
33616 10750 46
50692 44372 37
6849 51236 35
23078 55295 18
31399 16728 9
6715 37124 16
36138 35480 29
4251 57170 15
51841 20235 36
19868 6712 28
14101 19982 19
47328 13909 25
10491 28691 50
978 16728 32
26248 57165 79
11643 25532 22
32941 48892 22
47435 27613 58
34692 40410 172
19657 4426 28
21761 57867 56
20917 28649 18
46499 23584 23
54974 30770 15
41741 34960 25
34496 14403 27
12291 9585 36
37638 13557 35
41301 2247 41
45597 33108 90
18222 47257 26
24158 48319 15
47880 22301 23
56453 21689 86
54671 21122 92
59491 31742 49
11893 39579 25
23694 41633 44
27877 57158 35
47504 4701 49
6748 52794 56
42398 6395 24
31652 51680 14
11179 27662 61
45586 31539 23
14667 23574 9
47502 55816 50
58800 38183 14
21012 57894 35
36093 9760 6
51853 19998 38
38215 24636 90
14452 22845 33
10750 27937 43
28765 51680 19
53256 21167 27
56027 33012 13
54674 50862 108
6460 23393 21
4447 1377 25
16471 35342 68
59934 7191 41
4307 54965 18
24093 11911 122
44709 5607 34
53642 20235 27
17158 39620 28
7647 39769 80
21656 26325 94
36764 19623 22
15519 54211 64
53484 1637 39
53528 8210 94
14284 46117 7
30294 58336 34
3503 27223 64
241 13909 24
58861 40243 69
29117 41001 26
7178 21625 9
13527 21761 16
34606 49292 38
18647 41741 38
51933 274 84
2821 46364 56
11324 37414 39
23220 32557 13
32621 22301 14
37124 42252 85
5655 7898 50
15345 22530 23
12602 18804 62
40373 24371 60
49168 29260 24
30748 22992 7
3781 45014 24
8151 23642 81
17894 13408 45
28522 11324 18
44112 42065 29
29454 42252 60
23321 20733 25
34627 22291 30
48500 21012 27
57171 43359 36
51428 55918 39
15428 3483 32
53322 19225 69
8692 29882 15
11429 6997 30
14403 5521 35
30406 35342 20
39539 42065 39
13122 43027 14
30451 38292 13
4920 32335 30
29632 37410 9
26716 44009 18
10375 55816 48
7437 19027 39
38964 40914 57
25583 49113 15
2786 38215 44
33512 5466 21
22335 43146 50
52537 59089 21
57158 54327 13
8044 46933 99
51787 30277 81
8642 5015 21
53893 35117 14
48944 30062 66
44739 40380 51
52728 28213 25
7898 1950 51
20867 31890 38
33108 37654 17
52938 5016 35
8839 52306 102
50079 11401 31
46657 35039 18
15470 15333 36
28056 43538 17
14720 2250 58
47540 22421 53
39730 9697 83
23642 32735 48
29260 32621 12
34960 16853 62
56190 5607 93
33294 7629 27
19592 5607 55
53762 22575 6
2611 50655 23
11210 37974 61
56833 23745 18
29286 2781 54
20 21256 58
57018 16728 16
8625 55816 30
31103 23574 8
45882 47392 16
1330 14667 47
45211 18796 45
28091 57170 20
21633 29865 13
37654 21103 81
54345 10298 43
47422 7758 31
32193 43359 11
36506 30294 15
54454 21539 41
44478 58117 35
1465 27949 32
20859 43565 82
30595 12863 43
29014 11469 31
50063 48395 20
21670 7629 16
9904 49292 39
41938 21103 67
59692 172 45
40914 40410 43
1953 11253 46
3483 6712 41
7191 5607 33
2155 13916 13
49113 2250 27
14650 22291 70
27551 522 11
11088 24636 54
9393 2250 13
26301 27354 51
14323 31277 21
55977 32557 13
55767 39265 19
4991 48734 43
57668 46499 43
4331 7300 46
20256 14485 27
38202 42252 28
6476 41633 57
37674 6158 15
44823 22291 43
23110 19225 28
10959 28563 35
16865 23363 47
46334 42732 76
29384 42447 18
33593 43489 83
40206 52728 33
32935 45956 33
1896 28091 19
37694 21100 22
36038 56767 53
6712 38506 25
42193 46893 55
42891 21167 29
43851 31685 96
54514 33069 26
53701 18596 39
28388 13190 55
56645 56440 58
54965 58521 47
22357 30748 30
57170 15568 28
16141 58222 32
48996 58117 23
31440 19225 82
30254 7778 25
53506 46682 73
59997 21100 37
25405 24418 62
25287 26558 37
10521 56044 32
7864 33159 59
30084 33713 11
37073 23220 29
23574 37410 12
19982 44087 16
10177 23574 5
37897 28649 62
33310 40362 43
37039 10195 17
15837 16728 16
28649 21761 14
27456 34496 37
30280 37124 30
38074 13916 33
57465 21109 42
36943 20231 55
11717 22458 34
3431 3189 13
53691 31366 10
40535 18248 38
45355 21761 43
51029 56165 42
59124 49705 68
39537 21761 43
31685 25532 40
57894 55977 19
16674 31806 49
8187 3927 59
41475 21103 39
41228 57158 22
25580 2015 32
5521 59100 43
31493 16728 35
10009 14399 34
23841 56213 12
40606 31228 30
12775 22612 76
57455 51885 56
36124 21012 13
4676 32142 27
34778 4676 17
21587 25287 39
1938 9760 16
32735 35891 41
25704 6330 51
14566 27786 41
21103 30628 45
40038 14399 22
55012 33125 14
36698 18701 9
58332 56165 72
41396 31890 89
15471 49174 70
39276 6158 48
29266 22992 82
10333 43295 27
59396 23220 15
11243 45882 17
33545 40016 23
45259 25532 49
29882 49292 29
55295 20271 62
8331 26852 47
52746 47540 24
21065 54674 35
32557 13326 21
22530 29117 29
57165 33901 38
19204 43207 30
36630 57867 57
58870 26852 50
44080 41521 16
27134 57738 33
55622 59458 42
54995 43901 42
59890 19597 48
25186 6251 29
53280 57894 23
58233 39540 36
9978 26039 29
25480 32335 22
38211 828 88
40702 10333 27
21734 56044 51
43728 6715 28
50138 45015 55
15221 12750 26
37245 8642 22
7448 49174 42
23930 43303 75
45014 25532 29
17851 4420 50
43207 23226 26
14642 3503 67
50141 39281 24
19999 14667 21
36076 44952 18
43601 18222 66
48237 58493 21
54462 59997 36
48486 23073 61
44430 12272 29
25856 27167 44
49254 8187 28
55782 27877 18
25383 56761 39
40012 31248 15
20298 25480 35
36637 36976 11
37410 59999 23
2481 39479 67
22684 20946 54
9760 42252 5
41661 23841 31
15861 19386 36
33161 23841 22
52375 23800 71
43268 6158 18
24804 43184 16
2743 53814 45
36459 6780 40
54106 42447 20
22992 522 12
2653 41661 24
15250 17607 29
46364 13326 19
6158 2352 51
22575 29632 36
24295 23574 32
10508 19771 43
41465 37674 50
41001 15837 9
49882 49174 23
10812 24733 26
16917 5607 37
33568 45882 15
5095 40253 37
41733 41661 35
11710 34294 27
35543 7934 56
44747 6158 13
10298 58026 27
59162 31269 27
47881 7173 62
33965 52306 24
3848 41633 50
46749 1840 14
39442 11139 22
10900 12925 11
7570 41661 25
24418 48319 18
6893 59765 18
37793 274 43
31539 40362 43
8309 978 23
3470 38249 33
47655 14249 17
12651 45097 41
15128 43268 20
44774 4499 29
43901 45074 24
34209 59934 53
41915 29632 45
27662 16447 21
6687 13399 33
24606 26783 57
21915 25890 15
36644 9760 16
50224 49174 19
8681 42252 56
28046 11401 44
45927 844 27
15913 2871 14
47035 58361 37
37305 55977 17
59230 54825 64
35528 22291 127
14332 38324 46
26866 21670 25
50694 28891 21
24220 55295 28
20250 1221 43
57131 31493 24
19254 44479 56
17431 9760 10
23345 55430 30
41720 11024 25
15359 59934 50
18264 37410 32
53186 56550 33
39816 56590 98
25897 52537 13
39684 43207 38
2874 12204 25
25549 55767 32
57769 59251 56
51047 56611 59
1109 42732 16
41623 274 47
12286 57845 26
29779 26039 29
45127 5016 28
44952 20271 67
28827 33713 11
2201 1828 15
5667 41251 15
341 21103 42
37111 36924 20
22968 8525 25
47392 57455 24
12376 33221 28
49875 10750 60
6484 35078 75
17862 48395 14
40430 35543 50
58175 23073 46
15579 3807 19
35117 16301 25
42829 33375 35
53455 23393 18
35931 43964 69
4239 38183 15
22301 51885 13
56983 36943 69
5216 38662 76
54323 35817 83
37320 49803 18
26783 57894 19
59108 20869 43
1221 24754 18
48114 25708 71
18804 48486 85
59099 3090 71
58431 45586 19
58443 16292 70
9135 6158 21
34041 21915 17
51422 3927 13
9574 18182 27
8525 38183 19
16363 18222 51
13555 15092 72
24313 48892 13
40410 33544 59
48319 34606 15
9522 29229 37
45639 32566 15
47104 31003 57
51022 44087 10
48508 20235 28
3665 1828 39
12714 10318 40
54825 47278 78
51420 48912 14
40392 25192 31
56047 4802 35
28691 44648 52
22872 14399 123
25382 30435 25
37974 21881 53
10183 27662 21
5206 47619 20
21878 14566 45
40253 43601 87
39759 2040 21
9320 21256 46
19542 25532 85
13326 522 18
43536 12460 12
26802 5607 37
22722 1198 45
55117 10318 39
5689 54323 38
34659 7629 19
23022 21516 37
27354 21256 50
26039 30770 36
16672 6476 54
28271 55767 38
35955 55873 41
7533 21670 36
14796 5961 31
33544 55767 19
6862 21109 27
13905 3018 39
41521 55782 39
57738 48395 36
17103 20851 35
52211 11139 25
9598 31890 30
59209 51885 9
33175 32345 70
28135 20271 18
7934 57995 28
20328 34609 18
28855 57867 18
2781 45618 62
6161 16641 60
58314 21103 23
20701 522 22
55140 46989 70
15264 19292 39
3316 978 28
34656 27354 72
35126 38324 9
25192 28204 29
36024 51236 37
17761 5607 45
25661 12479 66
56165 55977 21
24321 21103 30
5919 9659 16
38899 522 19
8339 14399 20
17670 27949 32
42725 31084 6
19533 55015 13
32142 59999 10
58473 54965 15
33331 50124 83
55022 25708 65
24141 14773 10
58887 51054 47
55098 29865 17
33270 11893 44
53301 20869 69
43681 13399 37
12162 21012 23
40529 31806 29
844 14739 19
20968 53855 41
1674 4746 23
33308 38292 18
14519 56611 66
26895 57894 23
4418 38451 27
16730 12281 18
34289 53620 26
3173 32866 21
17607 1840 17
43313 48912 2
5466 40362 56
47016 59491 75
39498 59209 8
2352 13772 47
52828 51680 35
20637 28824 27
49782 16141 18
58336 37410 11
908 25532 73
10977 4214 24
27582 31877 68
40243 34644 80
50542 48900 61
44187 522 7
25971 978 11
25845 36338 37
20935 48861 27
20733 37654 18
15912 56397 20
7631 24509 67
24350 51297 45
30562 25192 20
53277 37410 8
39880 1828 16
2468 29882 22
19835 28056 22
30814 21734 26
37436 12999 16
21995 8777 9
49423 3503 63
49369 38588 39
16257 33766 39
22696 54863 92
15274 21836 30
19027 57894 70
3632 30062 17
9207 50179 16
941 51039 59
14249 49292 59
12643 31806 15
27710 54379 44
56793 15837 31
34875 3316 22
40380 26852 38
47278 7828 46
52628 59765 25
21372 13521 44
30993 9768 33
3720 23584 20
59213 28204 86
45319 40362 25
45618 37654 85
57737 6949 29
29058 37410 10
43146 25532 31
11911 47641 108
57071 12750 48
1132 32142 30
44479 7758 63
35795 47111 29
55667 2994 23
9023 29632 59
55438 34778 38
18821 16118 122
5066 31399 9
11483 9135 18
55383 14485 40
47105 44334 47
25750 16853 23
13916 57894 37
44880 9768 19
566 56768 86
57335 58585 32
56611 47641 51
42432 57894 21
14976 16560 47
56590 46224 38
54219 17607 26
48052 34606 27
51857 3431 27
53906 17292 108
3712 43010 20
855 36924 27
8110 39579 41
26342 55804 32
53937 21103 17
39339 37654 19
50546 32317 62
23302 7631 35
17195 45319 61
42081 57455 53
47286 24295 15
43527 16641 40
29731 46531 37
53232 34294 19
37973 51039 52
44730 52625 97
12214 21109 30
13302 54671 51
49177 7629 15
427 8210 40
47809 43489 11
15568 9760 10
40489 57894 23
48900 33375 28
46153 48861 38
44997 5569 22
44656 3018 43
52623 12765 53
30062 19042 36
41251 36637 81
21100 48052 47
23207 48389 48
37705 47111 30
11024 49906 32
59520 53286 32
21516 45569 57
14855 9978 23
47428 17823 41
26571 25532 34
31147 48892 22
38506 43851 22
29967 34865 27
6002 21109 80
32635 47244 63
16853 6712 34
20829 37410 46
30435 23149 26
4701 39537 18
10684 41542 34
43767 32566 42
15735 45355 21
40854 18730 59
40355 51885 9
59475 37897 30
31821 1840 23
50831 58652 23
40825 20829 32
47253 33197 52
18704 5620 18
22963 31890 30
8512 37973 65
3276 23073 55
5421 28824 75
55804 43538 108
43565 55977 17
28942 15568 96
31338 117 55
27740 49271 47
15905 12999 27
57263 30770 36
39265 40460 17
49981 16141 40
33012 17431 117
51273 51841 38
2015 2247 22
24088 55438 44
17886 38202 18
39876 31003 81
27167 50862 69
25473 32142 22
6997 17607 35
20873 39537 25
23674 24604 35
37748 7934 27
22690 7300 55
15413 40253 88
52620 47502 17
13214 40253 26
36528 49594 37
9041 36924 60
33871 24526 30
9525 49705 15
48395 49292 32
8538 36976 11
18201 56165 25
17092 42252 6
59314 43184 48
40321 59765 32
33017 11429 24
33159 41633 36
41611 2247 58
3018 17929 37
7959 23745 45
22776 48395 17
6690 21256 43
45603 27898 59
29783 26783 27
35808 522 27
39097 46364 20
38325 44009 31
28244 30254 46
19506 31877 17
18730 43565 34
40037 45597 63
37145 24733 57
46561 8309 71
26253 45675 123
27937 45675 40
52730 6158 18
37660 52306 52
47034 43901 28
41117 2015 37
55816 29685 36
38872 39081 15
18596 40410 32
50358 50655 44
1950 59765 42
13216 4214 45
54803 12455 51
1854 44781 72
59140 5689 58
57775 57335 34
23149 12997 14
1361 12640 32
56046 9768 29
10826 53762 48
5390 44747 24
59468 57867 14
47173 49875 74
17204 57668 35
45074 35342 10
13212 16005 33
56371 46117 65
35948 46656 20
17419 14309 30
2889 50063 23
45445 58493 20
46820 42105 35
47381 59999 94
43205 12714 25
54863 39730 43
11334 7758 32
968 23784 59
33375 12460 31
43474 52211 31
54211 16560 75
39253 40410 28
17769 16447 40
35398 27173 44
44392 39890 71
27053 46933 36
32478 21689 82
19181 29117 29
16118 43601 99
28439 1796 105
21218 58521 45
3192 13772 7
30025 19030 20
3239 13172 106
39009 46893 36
12281 35039 37
59424 37654 34
4481 43010 28
522 59999 11
48389 53322 36
20148 5961 18
24460 10959 52
23073 4802 54
10181 10183 73
32986 41741 34
10489 43358 31
21851 21196 21
34055 37654 64
39281 2611 38
10318 6712 56
21625 13557 43
57283 582 26
8896 27949 45
7493 30435 17
16383 52625 33
15603 48900 24
16403 20789 39
29391 52625 32
28152 21755 46
29285 50694 27
12925 46117 34
39081 59766 21
4145 43489 48
49604 22421 54
18848 40460 127
23745 59571 16
5897 14485 54
40016 9207 29
41878 39009 32
51885 4676 8
767 17968 52
18635 9791 40
29146 49271 36
7173 49055 52
41399 12999 44
13909 2247 23
56455 37973 55
17757 12479 15
17968 30770 40
13111 57867 56
31087 5607 34
53686 27173 43
24616 5084 27
48864 26169 27
32997 28213 48
34865 25532 34
43208 44334 54
59554 31806 9
25710 3018 34
25369 18822 13
2994 39025 37
1286 58222 22
18205 13399 22
23421 27662 40
19030 34606 14
26921 56261 44
28011 12204 31
36938 22291 40
22788 19079 14
14175 40373 53
44515 35828 28
47617 1828 16
4099 28152 79
29934 56397 23
14693 51047 51
19109 23393 26
41020 50601 83
12140 7841 70
51172 27173 39
48377 2871 47
27786 45534 32
18968 48072 15
23055 10608 81
34025 34606 32
55320 23220 50
10134 27662 25
11743 25580 34
46513 51885 14
6788 15597 33
37484 18796 36
42327 46656 28
34065 15413 53
58026 46364 55
10677 52636 29
27905 23073 35
2567 28649 50
24901 27083 15
5237 57738 35
13535 49292 20
22454 25708 23
38491 3189 21
39890 37654 119
49047 16005 60
42729 47619 26
31742 19597 50
16537 37967 66
9896 26169 51
48279 23800 61
23855 40253 39
31635 13535 31
59250 27551 17
4420 7758 67
54337 6949 20
49217 39339 41
47619 36976 17
43538 42035 17
25713 30739 24
28891 32271 32
15577 16728 44
37217 18248 26
18737 31248 12
51917 41468 14
45869 25192 26
17645 4418 40
53241 13905 59
31890 16932 69
1796 55208 7
4184 48892 29
51638 26783 15
48119 52538 47
50762 39495 33
9045 3848 47
55478 27213 33
54621 58485 44
1878 55977 29
42105 9624 18
9888 58336 19
54153 23574 9
2366 9585 26
29288 41782 101
48911 57263 38
53131 9045 56
51327 23393 36
1499 30280 26
29450 48072 22
55509 34025 53
54378 26253 49
21578 57668 35
54139 20861 60
53555 21103 30
9008 35808 9
45493 58911 29
26110 44087 20
46893 58652 56
22392 26783 23
5084 11197 32
334 59999 3
48123 18248 55
24479 34606 17
54027 35574 19
35211 57465 21
54102 11139 27
15095 46749 26
25619 49174 20
5742 31084 7
46783 40402 18
12244 11206 23
40501 48734 66
52364 15579 72
49674 45639 19
10233 50335 24
51297 8309 25
50862 31228 34
57978 8472 27
55872 45046 52
6918 47502 31
34722 3807 31
58834 16292 59
42567 55816 36
17519 49897 45
18248 32866 29
14185 36637 29
40362 29882 28
27613 33545 45
55778 6780 90
45645 29882 23
38692 49217 29
37890 26558 19
26125 22291 18
35073 35828 13
53764 3189 25
57291 20271 67
27736 54379 79
55286 40373 71
49347 35070 23
53823 6158 19
50274 36938 27
33296 25799 24
50256 58336 4
53543 21103 28
50655 10724 19
8068 39876 67
56548 16447 53
42604 15167 45
39495 35891 28
9181 39009 30
53650 47138 45
31461 59251 10
22232 38588 19
33240 43474 36
50583 56027 13
38620 31228 24
22734 2247 31
14120 22421 30
38246 30280 79
54932 26783 35
1497 48508 36
21256 56209 80
32980 48123 64
47446 14005 36
785 56165 13
51379 57601 38
8506 47105 32
6694 55454 52
58561 41782 64
41224 47392 15
58615 27213 54
51822 20271 15
41378 10233 50
32415 31461 15
17618 43359 33
27072 10750 45
42352 43489 89
41535 10750 59
12943 23674 29
56777 27213 53
52994 22301 23
56261 27710 73
40225 47397 48
35078 7629 29
34762 52814 22
2092 25532 19
6949 38607 22
25436 55208 14
30553 18821 71
46669 5084 30
33192 15092 22
8472 25532 25
25154 55208 49
1665 19042 38
3175 32259 73
49039 27877 29
17292 49292 13
49594 55208 7
4499 47392 25
10742 41468 18
7804 2611 31
58602 59468 20
30125 56213 18
15830 2250 16
28269 17431 13
32271 39537 44
38656 5968 37
53053 26149 32
117 25532 39
51155 41396 48
23761 55127 47
37417 32621 11
51944 12272 37
45675 42604 57
39291 35808 51
55991 45355 20
58671 37305 58
21836 48900 23
50500 44478 67
3608 18968 40
26177 1828 15
51185 15568 43
12889 57170 13
1305 43027 21
41570 23081 20
21491 5968 32
2798 57894 61
39766 58493 42
50195 55977 10
39189 8544 19
26031 8024 40
7412 31806 6
33866 5607 33
28211 56165 99
21141 39579 19
40402 51089 41
33125 29260 65
55172 17607 39
13831 1709 26
40019 42252 14
59077 57059 24
57867 1828 25
38128 26473 16
56638 43268 23
33255 34294 47
42656 13371 25
30593 53003 65
5049 5693 36
9768 56209 23
24579 37410 27
18107 58117 39
56691 51273 41
18945 2871 31
49592 13399 22
3891 51420 5
15469 23584 68
43794 28204 24
21109 16730 27
28059 3848 67
4235 16728 127
35439 5961 52
23081 59999 34
7874 49906 32
5740 2754 17
16301 1828 19
56213 37410 35
8225 37410 31
56664 44009 22
56952 46117 7
56466 44709 38
35817 16730 16
32387 30770 26
21137 57737 53
34357 21625 16
45437 14667 33
18878 32621 33
7147 2253 114
28570 47034 15
38800 48900 42
43239 5620 21
50084 11197 37
45015 45675 42
25185 37654 50
28343 45603 37
38607 23584 27
32259 6146 49
26705 33713 15
33269 34611 27
5285 49897 35
3786 44334 31
20886 58834 57
15093 47619 21
16445 54379 52
10090 39730 80
9033 23696 26
9961 42858 75
35070 53322 17
23584 47619 33
3139 48912 3
22995 17431 13
37655 21256 77
14711 4331 43
45587 23220 28
16932 32986 36
18701 37410 65
36569 28235 49
38008 45956 20
42005 30844 82
1795 50335 26
53776 45882 70
34765 52375 85
32428 9135 31
7778 32271 59
27148 31087 43
8553 29882 18
50872 43767 50
27997 49705 53
39366 22845 18
20491 21103 39
56440 37410 20
13368 21670 43
16292 37973 68
28204 37654 23
24991 37655 51
19347 57894 18
15337 37410 8
2754 43901 28
27750 40914 48
52351 522 12
27840 17431 12
38292 55977 28
21122 49174 51
6746 14485 37
18796 31539 22
53814 35891 81
36197 47392 28
32317 22421 25
33834 10608 91
17786 58521 13
35287 20851 18
12793 35955 53
42942 46531 29
56972 42732 21
23363 25532 58
10714 21881 33
20789 31087 48
22333 27173 23
55015 37410 39
12709 9135 17
38474 55900 40
40184 5607 40
51932 58521 14
5902 15092 23
44470 1828 20
14104 55872 41
13888 32142 13
10273 11717 41
29994 33949 34
24587 58521 28
4746 24754 16
24402 52069 42
7629 30770 23
14417 5902 23
47206 24902 53
11606 41531 32
45387 15837 11
44623 51236 42
11114 56165 45
57570 49922 17
48940 13916 12
10724 38183 32
51588 22291 22
35828 27662 29
33766 41633 82
18137 13399 20
39855 3848 66
55917 15568 60
23083 25192 39
26360 35891 21
19840 24604 18
27752 19254 52
4194 1840 15
54439 3189 13
43781 48395 46
47272 47392 119
49840 2015 44
27578 25532 32
28556 15584 39
48443 34611 26
20312 27662 50
858 59999 21
36143 28059 53
21665 26189 46
24509 7934 43
11220 21012 43
7849 40016 18
44868 57071 28
49803 43295 22
48221 41938 30
6311 22636 46
22135 10098 50
10935 48912 9
32370 6997 30
369 48950 35
7960 14249 52
35608 38183 12
39334 1828 23
14279 18968 27
7460 2250 30
12481 5300 45
54441 36171 25
41531 59766 80
59765 21103 27
37414 29865 74
34495 55208 64
37820 32142 23
15364 51885 47
17214 39253 43
35342 31806 19
17962 32566 15
58324 55208 25
36948 28563 44
1276 14332 22
18599 11139 29
40739 36943 66
4802 31890 105
30692 37638 13
49811 22788 18
14399 55816 44
59713 59999 32
25037 59571 43
13190 45675 46
40149 49292 48
26263 22301 16
26752 36152 75
27092 37655 46
1709 2611 23
47641 5607 37
6330 26248 37
30628 1828 80
12455 13214 35
50335 20256 36
19350 18248 71
27845 57165 95
15404 39876 168
22577 33159 45
17549 24509 91
52340 28213 26
34644 6780 72
54458 369 21
13521 2611 49
31089 45603 35
3951 57059 30
18358 59314 39
34047 16447 79
55127 20733 69
12782 40426 73
43468 28563 44
40853 8837 22
43 16728 16
28591 2611 20
38662 37655 59
19011 44781 65
59257 46961 16
39632 14403 23
33693 49906 28
47067 27551 6
4791 59999 38
6663 40426 30
21471 42193 78
57903 44478 44
44595 31277 82
54872 430 75
35637 2247 26
1949 55295 19
59938 55816 18
20176 44747 26
10108 27877 16
14072 16447 25
12204 58493 32
45683 3503 51
9624 17431 79
56986 57382 61
8024 17929 36
22786 56761 42
31612 35588 14
28347 48119 57
12750 1840 38
14982 37654 40
29951 8538 49
15997 55816 73
24754 7629 61
29466 26852 54
49115 33375 16
10195 55977 58
2472 56983 59
50981 57465 37
30944 33713 40
49770 6395 43
42142 42193 31
34609 3807 37
35766 20851 22
9264 53762 57
24285 3483 24
27280 37824 23
5757 51039 48
38630 54965 39
44660 24636 45
50975 32566 16
23341 46656 19
55873 5607 31
27443 49607 21
45885 59209 33
17300 31539 19
48115 14982 35
39658 21109 138
17956 6158 45
17929 20789 35
58485 10697 87
2716 26783 59
1840 9760 20
7752 57601 67
4202 6158 14
21220 13535 17
59251 522 35
10608 32345 104
45290 58117 33
37967 36027 48
58162 28828 44
9659 45274 14
539 44781 40
33464 32566 22
36027 5466 64
48875 57894 25
13593 24509 23
47630 56463 38
44648 28824 97
24837 23393 19
9594 1828 44
10697 47641 50
23338 56213 37
1870 22301 16
6501 48486 63
2780 21689 81
59639 51787 47
2586 20231 40
42271 46117 7
1326 24732 22
40890 18596 33
49940 2611 19
45910 17851 48
39218 978 20
14701 55295 30
19412 47111 24
21555 7934 28
4547 10608 87
38510 3003 31
23800 56611 75
36734 48395 14
54017 6849 90
21852 47540 52
31366 16447 27
33221 59250 29
51199 51236 26
41542 16447 49
19906 40149 26
16746 47392 42
10993 29882 23
28849 54379 46
22378 5066 73
42754 37654 36
430 59934 40
16145 47619 35
17388 27662 12
43562 33012 25
42202 2015 23
30466 47392 16
51039 4991 70
31228 58800 18
57995 35588 19
23029 59938 43
15167 16853 33
59740 52375 62
35668 59089 31
29232 5066 20
24822 10900 19
26986 37410 20
3090 6476 91
7365 43601 33
37881 33713 13
44207 7300 48
28191 38588 31
43010 59999 6
371 59999 26
38753 58585 16
14491 30294 69
59970 53400 41
55918 20851 71
30211 4214 44
55225 38324 7
37165 35117 17
25126 58864 52
10768 26852 32
7997 19027 19
10570 29882 46
20231 430 44
15092 12281 18
26855 26783 14
16747 46635 15
58498 42918 134
2770 56973 34
20851 36976 19
46531 42447 28
8820 58498 83
48851 18596 116
21630 57165 40
53188 1305 32
56924 59938 19
53493 13214 28
25709 4184 38
43550 47502 22
24130 45956 16
14277 13772 72
36976 56213 10
8723 30062 31
27672 37654 84
58361 41001 13
19042 25795 15
58117 57867 26
5968 24479 17
22083 58521 19
43984 26342 42
39421 1524 90
18752 37492 41
5038 6949 25
5467 58233 37
10377 3189 40
58911 37654 39
56657 17769 25
41662 26783 26
55026 59999 6
59616 52730 16
48213 44087 18
31402 52375 56
14681 59999 7
59904 36924 46
57382 10750 61
48383 47397 32
13901 49423 51
36350 49922 13
19771 48950 37
33197 10714 49
7419 908 83
58714 55667 25
8210 21881 51
42732 30628 92
11139 25708 20
8338 27898 30
32762 52211 22
39039 32992 37
30106 37410 4
58521 33949 25
26325 59602 57
50998 28522 28
7841 53186 20
40092 40012 16
32644 2567 16
47257 39763 42
46682 32142 38
31581 8839 60
17940 49217 23
44372 58361 23
3227 37492 24
7184 48892 23
47518 3819 52
17599 39540 52
48390 26337 63
38984 48390 30
33412 23574 29
3497 20256 20
50434 12140 36
4102 21761 54
20721 19134 26
13714 5919 23
34407 47253 41
27745 9134 14
13130 57335 14
30807 14399 20
59766 47392 40
27978 52794 49
18582 9594 16
57433 2247 27
9014 10724 37
3003 13399 17
45534 2567 65
543 35448 59
25906 6395 27
27973 23694 68
40224 52623 48
1049 4802 50
45235 21256 47
14536 14485 24
22762 53814 60
15906 16730 19
48106 19030 78
14195 48892 38
45388 43489 58
9510 51185 12
38497 20598 20
50388 39281 47
46458 14485 29
3578 59314 25
24696 3018 37
54379 10959 43
9797 16865 31
21704 1878 24
14739 28649 36
33276 41281 24
10398 48486 96
12783 32345 92
20946 50124 47
38719 13916 20
39769 27354 95
24374 19998 74
46047 13557 41
10188 20829 10
58652 3927 53
45691 52625 43
41637 13831 42
48030 41468 25
2903 37492 36
49356 8723 34
51439 23574 65
52862 40038 61
54867 25795 179
28235 978 42
15117 35391 131
33422 47397 106
14179 46224 72
30931 58087 61
12997 1828 13
29413 42252 8
54839 47244 94
36650 50975 147
46933 15519 93
31356 46117 46
19039 59314 28
39479 21881 34
54940 32635 54
50528 2250 23
34461 49594 11
12442 22992 9
43143 56044 36
8330 49906 59
21913 48912 18
42842 59999 5
27703 30294 18
29229 16447 15
51295 5466 43
23609 16728 12
5569 19998 18
6251 2653 33
10951 29865 54
19998 53277 12
53252 3139 7
13172 31087 50
4088 20235 36
4312 15333 22
57109 37654 33
12769 26189 17
19079 30770 14
37213 8777 22
24530 57059 97
21881 19242 37
26919 33108 25
43874 55977 17
28358 28135 16
11093 34294 43
48029 15250 21
31109 41001 32
20401 3018 55
16137 21761 42
17690 16728 49
8037 16560 46
23464 9697 50
38635 40535 38
36448 25580 21
40968 29779 34
48961 522 16
18808 21665 39
30561 16537 55
4223 26301 68
2871 19079 15
29051 43964 24
42992 3189 11
8213 25192 47
11558 13214 27
38918 3189 19
38983 19982 17
6780 14566 57
45569 41001 44
7209 11911 74
22146 15711 23
32124 1326 13
57778 36152 37
58980 49795 85
37025 56973 141
47138 45235 78
52052 31087 36
32335 6484 29
9585 44009 31
16330 22788 21
59268 45448 65
32051 32557 14
37826 40460 30
47189 41001 27
44346 47641 40
56397 34461 16
28508 24604 37
35377 47502 34
58958 5607 37
13936 43755 69
14782 21674 43
28252 21256 67
21883 59209 16
39191 5961 20
49400 3189 17
42035 43901 40
23266 48900 31
53003 47138 52
27223 44781 52
52071 50831 40
56209 46961 78
49279 24754 17
271 47016 59
39910 8309 17
59872 1828 13
389 15333 11
36310 59099 80
40138 30770 24
26841 56209 36
48072 41001 53
52080 8309 20
11206 31228 21
33485 39265 57
10738 23574 41
35588 58117 27
56768 57158 27
20048 58493 42
8365 33108 24
56145 29632 22
58585 49292 45
49795 58834 68
13513 25532 19
18086 13535 101
49016 45597 25
16415 57382 45
30442 21761 31
52636 37654 74
32889 13535 20
19335 436 24
12826 15905 33
39815 48395 119
29975 4420 84
23772 42252 5
5162 34611 56
19623 38607 80
31269 30628 26
59089 17607 24
44334 40410 32
56737 47397 34
8544 20271 28
16428 51297 14
24161 44747 18
22302 52625 22
14517 33331 52
32866 35817 115
33823 9888 33
31360 45869 38
35391 40016 36
33049 53322 32
29865 35828 32
41633 10714 38
56248 1878 25
19943 19835 26
52018 55295 17
28563 33866 40
47633 9574 22
35768 6862 75
21870 48892 62
11282 9697 48
23940 1828 13
56463 17823 35
27322 50655 30
17844 49922 74
35574 1828 43
40782 15597 33
3849 9679 16
36568 43268 31
15597 17607 32
48208 4426 46
22414 36976 10
49021 1953 54
25667 22612 39
33949 57455 15
11197 50862 43
50799 23393 21
18520 18945 20
39000 43781 16
33173 20867 50
43043 21881 80
7331 39540 19
23340 13399 21
42649 13399 18
913 522 10
56158 52538 19
24526 39495 42
42858 22421 31
15049 16301 16
10771 55295 28
7072 58911 38
48062 8777 15
44306 1878 74
12131 522 20
51713 42035 29
6559 35828 33
28947 16730 25
32664 941 57
46961 43184 20
39195 43027 25
27077 23841 11
43574 14982 59
34098 22845 50
13371 38324 36
240 41468 14
36338 43268 36
19292 22992 44
22281 21674 26
42588 19597 71
19423 47502 28
44781 23073 44
14780 32566 36
6123 1132 21
20598 3807 19
57646 35768 46
14283 14399 32
14374 57170 19
45960 58561 44
30394 45956 32
198 57894 17
14500 47138 142
8635 55977 13
20235 5667 23
56617 8366 61
39540 23393 64
22710 48486 47
10942 58485 142
45738 42842 25
58601 50831 24
30531 34722 45
32623 33308 30
44090 14399 43
13211 12997 18
25939 59251 38
30414 24093 59
16323 51933 23
22250 44009 20
52428 22333 24
40510 14773 12
24732 32557 56
11469 44334 52
38517 13831 90
55664 52351 13
9713 522 10
16447 22992 22
55727 58485 91
51723 42105 13
32566 6158 40
48734 21881 46
32224 44781 43
30921 55208 24
52040 56455 54
45536 1106 47
16560 41782 64
20242 14773 13
1890 20256 79
21689 32986 52
52384 52672 34
10760 31084 21
43755 26558 42
30739 39540 20
59571 16005 16
44976 38292 90
14005 19039 34
49055 28649 47
27898 52625 21
44547 59124 16
58755 26337 38
34188 25532 21
11653 31539 23
42954 28135 91
828 14773 14
26000 7300 106
52200 22421 49
5847 908 110
21536 48106 18
56852 14399 22
25251 56261 44
34132 56165 38
37321 20235 78
23103 27659 39
35361 11401 18
31277 7629 33
28432 55977 25
5824 54327 36
41563 42065 21
40754 14314 16
19552 14976 70
13408 37967 39
9157 34606 19
41763 26802 39
25055 32478 32
43184 44774 23
51089 53322 26
43303 10750 86
35273 9594 24
32060 59999 24
48950 43184 34
5300 38607 18
53534 4312 27
15102 51236 91
53620 31539 55
53944 57894 41
7139 35577 64
16128 28563 69
39613 45956 17
54681 57335 20
21539 30770 17
9532 12750 37
1175 25532 29
32962 55208 21
41333 36171 20
51046 21670 21
21324 55208 16
6730 36171 14
30361 13772 7
38254 19995 30
30206 8210 46
38879 7191 50
26806 13399 48
13554 46657 30
53175 2481 31
1960 28343 66
41241 40410 76
57698 21755 56
40352 23073 56
28594 56768 35
11 57737 54
41743 42604 47
1613 57698 55
29243 5968 34
17230 40968 38
34151 8837 63
49607 55208 27
49135 21761 22
1135 37073 24
1688 14399 100
9469 43184 100
5693 49055 67
12115 20 48
8377 49592 24
24591 34407 49
27556 2247 65
52604 1828 51
59458 9598 48
18374 36943 95
59429 37410 15
34622 25186 27
34174 47105 49
3927 22421 11
49292 41001 12
9646 51787 51
20244 23584 29
11805 13214 40
40385 28563 36
53330 26783 37
3957 11206 88
37625 48912 15
38494 37410 7
46753 55295 24
43153 59766 25
2253 7758 53
3301 38662 48
