2110 13574 32
56128 31342 25
22538 2410 35
41881 24168 61
30844 33678 109
24168 42208 90
52097 23121 79
40625 33975 56
23139 5642 13
33595 52097 48
46141 13574 34
19390 13574 24
2410 59999 64
34924 31925 63
31396 49692 31
7298 52097 28
57526 52097 118
31925 59999 7
23121 26473 26
41978 56617 73
56617 37137 54
956 57214 20
49765 49824 65
50260 34766 39
14183 5642 11
33723 22538 25
36037 49692 41
19864 49783 39
8246 49692 28
2326 34924 63
54803 2410 74
22339 35542 55
18287 15216 51
28406 15216 34
30049 34924 25
5341 59999 25
11753 49692 33
13574 55423 57
8052 5402 35
41591 34766 39
38880 35542 45
49783 49692 24
5642 34924 18
14446 34574 63
42214 18287 58
35542 42208 42
48293 10472 82
30367 55423 22
49692 51916 31
57923 33595 65
57214 5642 65
19887 59999 14
26473 23139 14
26164 34924 42
25403 13574 47
41085 22339 27
35888 34924 18
6473 10472 36
15216 7745 53
5402 37137 72
31342 51916 33
48967 42208 63
20910 31925 13
36655 52644 53
50728 49692 17
27500 55423 22
49706 37137 42
52644 19864 38
49958 36037 39
33975 31342 78
7768 5341 17
51916 59999 13
38510 36037 33
55423 59999 53
4161 19390 21
32522 5341 18
32283 38880 57
12754 19390 42
49045 56617 41
31443 5642 50
19730 34924 63
29722 34766 46
32446 41591 82
19748 22339 55
37661 34924 12
36668 7745 69
1540 26164 106
34574 34924 72
10472 41591 40
29567 34924 13
49824 5402 60
56097 59999 19
34766 52097 43
10547 50100 26
7745 34924 41
33678 49824 73
50100 23139 18
42208 7745 48
33097 11753 32
33238 36668 67
54195 13574 21
47225 59999 85
37137 49692 45
17427 956 19
17593 5642 29
2360 41591 52
