3529 43538 19
44076 29736 31
22589 9706 23
43512 5922 11
5508 54640 24
54164 1097 10
26042 33792 91
49101 49290 23
29520 19025 5
31533 20995 7
29494 30295 21
3669 55269 4
10772 1889 29
54914 23902 13
22324 36158 10
32330 4310 4
3495 44042 12
24288 6579 24
54594 37273 3
31600 3310 18
5808 25802 38
40009 56656 76
12819 5152 24
21106 43633 21
38068 16793 11
42508 10487 9
17881 19544 22
14751 6082 10
49939 23979 39
25802 12689 33
59286 54832 3
12042 41387 6
54257 5688 31
22417 14154 31
18975 30257 28
11675 43625 35
5330 55658 23
22661 47272 16
57517 24112 12
40146 58741 4
19025 32406 4
8884 19659 18
11085 58112 7
43711 34760 4
18388 23133 8
37074 55907 22
3627 23133 7
30379 42165 8
24443 7778 24
10374 4430 11
51802 48643 35
39420 11180 5
32510 15254 14
42579 39838 37
28991 5227 6
20892 45125 22
29434 59539 15
545 54795 8
42868 19286 12
50515 57099 33
34416 32267 15
53172 55442 26
34290 33278 16
11170 42083 7
51667 5688 32
46374 1743 66
10410 40098 19
26968 54832 4
28989 28201 24
27252 15966 15
4078 59286 4
54567 42782 14
59386 43625 50
34785 15532 97
40059 22210 27
7918 5922 8
59714 14958 17
49923 47045 12
59307 44498 18
1572 8473 11
41387 10829 5
41206 17757 13
29229 18352 21
20372 1400 25
9526 56510 22
20087 25976 4
15225 41387 6
53398 4310 4
27508 10130 25
31407 47152 27
14603 51618 26
4370 42879 31
7281 34531 28
53612 20583 8
19855 32767 28
44121 2378 12
15673 27352 4
5568 54228 13
42042 57106 4
30306 51186 17
810 3973 4
41053 3878 22
14398 56162 29
33480 11028 9
58678 44535 18
14466 8089 13
14623 25239 29
12970 23426 13
3843 10193 6
41568 32631 36
57959 19800 33
13672 18352 21
44580 59181 4
32511 26110 14
398 22072 19
23987 14056 11
56783 37164 18
21359 8278 43
6442 45434 43
10459 10342 13
32396 42886 18
1956 27551 16
28121 30241 11
25518 42897 52
55102 56736 41
47002 3462 25
55117 31264 13
1518 44133 22
5993 4361 27
6239 10902 20
35165 56170 13
50351 59049 20
271 18472 15
49953 50123 25
43257 30944 16
50868 5152 25
4106 5640 25
23280 11449 10
22982 13474 16
18157 2425 23
59833 27438 3
4516 5560 23
5406 55090 12
2759 17192 25
26983 38147 11
50752 49619 16
30140 15225 8
28060 8944 14
12615 47650 11
37664 51298 11
46622 47358 13
47827 26356 9
40140 58162 9
21269 55981 26
43653 20233 26
43607 48648 20
57304 43711 6
15883 2274 4
44432 55570 21
19150 3579 4
55578 56510 21
38962 12819 25
57407 12569 9
46698 20491 5
2858 58388 12
16784 27526 37
51991 35924 8
31816 45248 24
57099 16850 22
25268 13527 33
42171 34227 16
35950 43108 3
11180 59999 3
814 36262 8
17979 8917 8
24393 36492 9
59938 20566 17
13417 10384 12
38924 50436 15
8130 41387 6
33669 12342 17
7041 1948 9
38546 25561 35
23426 33413 12
37785 44892 45
10843 3608 23
15853 59181 3
40849 1266 58
19235 46374 68
28266 3973 4
44084 41576 30
22790 22364 20
1423 5274 18
31420 42080 9
42602 16784 62
12130 48982 64
23045 50362 8
10635 32918 10
4143 15049 23
6734 12525 24
57197 49122 14
41005 48537 18
30741 12573 3
622 5560 21
33595 18621 7
58965 69 48
33301 528 10
23382 15916 13
52409 41576 25
10574 36740 31
13513 21106 22
43296 49291 21
33391 49338 20
5853 46077 21
10763 41387 8
40577 24419 13
50559 27746 13
59539 30241 8
45083 29909 26
49420 3971 42
34658 28121 12
14844 12615 12
1268 56379 8
28423 53279 10
27734 35756 25
37273 48492 2
31803 47816 7
56574 57846 8
42847 31264 10
38502 44133 22
12371 50585 12
9588 26935 4
19868 44580 5
7369 54485 26
2987 44659 12
2892 34900 27
26108 3779 15
40529 42563 11
13527 20399 32
48648 10635 13
30586 49599 21
4326 48763 24
15332 37820 8
2554 47624 52
18163 46000 25
797 49706 15
29684 9908 18
35339 1412 4
38564 9927 12
59973 45249 60
6282 38734 12
49272 42940 15
17803 55566 7
27809 42736 6
27642 11212 11
53217 43675 12
50600 17815 3
38106 57095 29
55612 9091 24
28166 528 7
20016 59999 4
40832 39420 15
34673 50729 27
17611 49832 10
40596 4972 10
46719 48763 18
24413 52104 33
18046 3973 5
36427 42886 18
19102 34227 22
25287 31533 8
43520 10998 3
58103 56656 73
57550 32755 33
1012 12127 12
45035 8287 105
34660 59445 24
19762 48211 21
14151 33949 24
52646 26066 23
7751 50123 20
43954 50563 13
55790 26199 9
57270 12615 13
40694 2248 38
2883 29068 4
18956 2947 23
33445 2417 29
34493 3991 21
6082 54029 4
28045 3495 16
51447 37926 17
38507 51960 19
9265 34763 12
46402 41053 26
57134 59181 3
17252 45921 14
40352 45736 25
34929 56172 23
15299 10028 3
11636 12919 29
7227 21359 49
23728 16001 34
27438 48492 2
9455 42083 7
48775 50307 22
58534 17328 20
11028 27920 8
44655 20611 11
31744 13841 12
59519 37074 31
56920 20613 26
32121 7562 27
39052 1412 6
18472 29045 14
15900 15016 13
42217 57915 10
4982 6497 7
48713 40594 11
55338 53398 7
837 55602 27
1266 2584 37
41780 43984 15
50710 16225 7
40945 11028 9
5521 51447 22
11227 56132 32
20345 22385 23
37243 12573 3
55269 59999 2
17273 23979 39
57106 26683 3
56800 14354 8
47848 34987 21
24737 52712 23
35187 28423 14
45646 38552 53
17794 3703 12
32631 39981 35
51386 37273 8
52820 36004 127
8089 18477 8
46514 22061 80
18200 10245 21
34096 49922 12
12322 58162 9
1541 38572 23
38984 43512 13
40964 8917 8
3462 37074 23
1183 10998 3
25209 15650 8
51856 17815 3
44611 34455 4
15088 49549 15
20361 56766 16
34227 13348 4
42980 31264 11
27388 42203 13
54472 52238 20
48561 16158 33
19828 34760 6
14723 57106 4
41522 39606 28
10828 32999 25
272 48551 4
47332 14950 7
59069 50974 4
33941 1889 31
32267 20583 7
40788 51663 15
42136 30741 4
39154 28605 134
13219 40713 14
42080 50710 8
53155 10772 31
46257 6035 10
38905 54256 16
54203 34293 12
8287 50515 40
37463 16193 7
54056 13115 27
42032 10028 6
51649 27438 3
22434 9764 17
18569 39730 7
14729 44248 20
15650 43467 7
3457 35989 23
17466 43296 23
9640 33934 15
51728 48711 18
47758 58000 8
15879 3060 45
23133 6806 4
29214 2657 9
54832 59999 2
7363 48300 22
8131 34929 27
1948 27438 4
56170 57082 10
11027 42932 23
28157 45444 10
26556 59668 60
32588 543 14
56600 38457 17
38482 25787 21
32660 59833 4
53428 15252 8
8892 2890 13
54275 36072 18
8395 3950 10
59103 52829 73
7365 17815 3
12429 12130 74
19659 33182 5
13886 37697 15
10669 59490 12
32902 46721 22
25155 7466 68
13591 48300 23
57128 44501 12
15506 3843 9
1081 8245 13
1412 29595 3
40979 20611 9
39999 39124 22
40747 38734 11
54029 59999 1
14138 16973 14
47175 16819 36
47706 20367 36
4089 47816 4
20162 30279 9
21648 9330 7
59092 30795 28
20497 5406 18
56400 42558 15
4858 29113 13
11726 26243 27
16941 6089 44
32671 57843 14
2998 53027 25
46592 10167 16
10037 53172 27
44052 50554 19
41216 4089 12
5227 30741 5
6307 46403 12
4014 44432 27
20109 9664 24
14064 44133 22
7728 57961 25
57600 36134 25
48391 50301 18
54012 34788 18
53496 37273 3
3255 54029 4
35756 23914 19
20358 31284 19
26072 21579 23
20670 53612 11
58926 9455 8
48551 54832 3
56456 51667 74
25593 193 30
28893 40559 25
24267 6282 13
9199 41232 12
27920 12042 7
58000 58112 6
32912 47152 27
5474 41355 5
47688 28450 13
4361 30913 25
31306 9031 24
45117 48211 21
42707 4909 10
14563 38546 37
43972 59394 21
31981 50377 21
41982 57134 4
28648 45736 24
55442 12525 25
26935 43108 3
16009 57401 21
10675 10086 6
52467 2070 12
57060 9600 22
57265 20995 7
12935 2883 5
20611 20995 8
11352 52073 29
30245 43070 16
53930 59150 11
11895 56962 9
22992 6147 27
46330 55907 23
4843 250 8
26921 27352 3
36766 50123 22
2559 543 16
52260 59181 2
12639 12788 38
2657 18477 7
51025 45444 15
11390 48947 9
38941 26968 6
54924 22374 23
5953 11187 18
43193 57105 11
17328 37011 19
55411 7051 21
25229 57735 21
53657 26882 9
48325 46330 24
6274 32261 27
15966 7886 12
13636 38769 15
48544 37868 25
9470 11390 11
15251 34290 19
12573 10028 2
27289 58860 38
17133 40059 30
13780 35950 4
42297 59668 61
12689 69 32
29530 41780 20
15981 17982 49
42333 32912 28
11861 41982 6
37208 41780 28
3579 26683 3
48537 19220 12
44045 26262 7
35299 46257 11
43557 19898 27
18884 56982 14
49840 12085 26
57339 16534 25
17346 43467 7
35502 56847 10
58132 38190 22
23251 42876 9
29354 32259 18
15915 42013 5
2951 24419 7
22089 37243 4
31856 22341 18
49036 50225 23
24877 35714 14
29113 45921 12
24362 55269 3
51877 16850 22
2336 55117 15
33339 19131 12
33289 59286 5
16859 22013 21
7836 56962 11
42305 37273 3
21550 18648 27
48583 48046 11
4818 7349 23
42262 53340 16
11945 10990 27
43704 9149 59
1422 57318 6
39053 1889 35
56230 42563 11
39011 6822 18
57105 36361 10
44919 3300 32
30600 54594 4
33698 55578 22
4243 20653 4
47648 40979 11
43467 18477 6
57470 24018 27
5876 19961 8
53136 30245 19
32406 27352 3
34526 45584 51
49599 46891 20
31225 55981 27
7976 45249 60
11625 20995 8
46077 45399 20
7201 37538 5
17192 25212 24
25036 19890 17
10384 3857 11
31567 8130 7
23034 13134 28
782 39632 21
5535 11409 14
45664 16835 88
38734 41433 9
20445 32128 14
8917 10193 7
17319 58326 6
43096 20611 12
48300 803 21
22549 41387 6
54349 59386 53
16118 38784 21
37661 46583 10
40008 36766 31
14801 11675 42
11367 12513 17
7778 41433 12
36858 29717 21
32125 59181 3
48208 40146 5
37958 37011 22
29241 50854 14
39413 35192 10
56921 3627 11
19938 21151 13
49961 26243 23
55981 18352 21
18886 18427 15
57915 4089 9
12127 45024 11
31877 38595 14
29844 55981 28
41509 49426 16
3373 36114 13
56004 1722 32
42748 34910 21
42912 26466 24
58743 55269 3
55357 41907 38
14168 34760 5
25030 15463 7
2965 18374 22
3202 57942 8
4499 36526 21
29902 33949 24
27352 59181 2
9600 38734 18
15252 10193 6
34448 37791 17
33200 8383 23
34631 52563 12
24974 32128 12
36961 50362 8
49122 54228 13
12727 32892 13
14694 8089 10
57636 18645 7
37491 18756 15
38271 11508 37
27205 45539 22
18966 16534 21
8281 2800 29
16631 45399 35
24074 10193 6
37385 48358 24
46353 59181 4
15080 44736 5
47152 26649 26
6716 25682 19
5375 21106 22
19544 38572 21
1403 27374 10
42421 57179 8
33997 47601 16
22876 28641 31
53965 27352 3
58820 58526 31
58162 23133 5
36131 28948 29
18621 18477 6
22320 54846 20
25976 59999 2
35924 10487 7
58112 10193 5
32970 43496 4
20156 42199 7
16313 24362 5
50686 44045 9
37300 54832 9
57646 9149 35
1467 42171 17
35472 2345 29
30920 24293 13
9973 26262 5
36313 9840 20
50563 12615 12
22444 59394 22
11277 35278 15
20079 17605 22
59178 37471 12
34900 14330 13
4310 25976 3
26511 56478 17
49565 49559 11
54581 41760 17
39549 48208 6
17389 27378 12
35118 22210 40
2705 50148 21
27987 51007 26
40908 47758 13
14597 38331 86
25997 51991 10
50239 17100 11
23873 8442 19
51159 15407 13
28900 16158 22
45444 43108 8
10243 24393 12
22404 40637 23
26566 15853 10
47591 56374 15
29172 3991 22
57830 50028 12
54846 18472 15
25021 44919 35
59010 31734 15
26766 36091 15
11340 44862 121
20433 40061 12
48947 19961 5
54795 54594 4
58092 29045 14
52116 52184 12
24296 59999 4
6039 17865 21
8539 54594 4
38694 13289 12
33916 36333 14
17940 36847 3
16001 9516 33
26106 49297 41
50178 22072 25
37171 36961 18
54533 17649 8
10101 37809 22
52104 41907 29
38457 27469 16
21330 32624 28
32942 5375 31
35895 36149 6
29986 17815 4
687 25383 21
49549 5556 11
2415 32918 11
57082 37025 9
41490 28641 27
47303 16534 21
17 10829 6
47871 30241 11
57397 21195 34
14948 9258 4
58388 25976 4
27621 16973 16
58840 22364 20
6047 59181 3
3099 21705 3
3433 3779 16
10028 59999 0
45620 49975 23
1701 23251 18
3779 20507 10
58741 21705 3
10640 1183 4
10086 8879 4
3189 40694 49
50415 1222 24
2306 48576 6
3732 1526 37
22123 57915 11
34317 55269 8
59710 37820 11
48328 20367 23
37773 34296 9
34296 56612 3
39124 56341 21
31579 22364 20
2904 29411 21
46471 59445 24
5601 14407 11
20507 32702 9
24830 51825 7
29132 50174 18
29211 5897 34
45248 14636 22
24996 20087 6
47919 51189 16
31723 24288 25
50982 32624 26
16539 21404 13
16835 19332 51
2245 18621 7
33282 13513 26
38010 10098 13
25719 3300 73
28767 1412 7
57846 44763 4
23961 41632 10
16698 38147 11
44203 34293 11
33792 22036 87
9449 52405 38
24751 7238 8
52635 5688 53
40594 2245 9
47878 9434 30
43994 20507 13
3155 58793 10
33683 54798 32
31388 44736 5
34314 26968 9
31429 38833 23
54566 49549 12
36321 12619 22
35949 58743 4
21426 16158 22
34480 41750 26
27113 36735 26
17446 44763 4
40702 14723 5
21918 21201 26
35043 8245 9
21238 6769 15
59181 59999 1
18322 31471 31
27819 17200 27
46364 54109 28
42940 42017 12
7965 14407 10
34837 49061 52
39512 57105 12
11117 57700 27
49551 8429 21
33038 51984 11
22385 16158 22
17931 47650 11
51186 13474 15
35587 48300 22
13348 54832 3
43198 17328 30
44417 2235 38
36996 8287 46
30456 24360 23
13321 17200 25
56362 40057 12
49482 10384 12
59545 1412 4
2274 18756 3
38821 34987 3
42963 13291 9
32015 37011 24
11802 2412 67
45313 24293 14
49838 1358 26
13332 617 7
44066 13527 43
26810 7918 13
26882 42083 7
47597 14236 30
27204 44655 12
35686 47705 14
56172 36858 22
35264 31432 13
19089 250 7
40385 50415 25
43633 35425 20
24474 34009 25
11042 5425 9
41184 56650 25
18477 10193 5
32755 48751 25
43984 16697 14
3973 43108 3
40251 9764 20
50436 8701 13
30526 23162 11
33327 24074 9
40098 34196 16
34286 50027 49
14668 56242 9
28454 50016 13
58745 8647 13
50296 59181 3
48518 36887 11
29351 11227 44
13101 52831 43
28948 26649 28
55330 45313 17
11092 54152 24
27724 13043 11
25383 26242 20
54153 26921 4
37575 49878 6
22925 11625 9
6275 41719 7
33479 39178 16
4774 52504 11
29018 23170 51
23088 25239 32
40948 36229 13
7028 17815 3
2177 39512 15
51686 32330 8
44289 54029 4
56368 24074 7
37001 56982 13
1222 50351 22
37240 46891 19
54249 44052 20
45125 13474 15
40068 54840 11
4514 47827 12
1079 50351 21
7707 42963 10
51627 4089 5
16548 10669 14
34786 19559 16
59162 42558 17
46891 16431 17
54773 1031 85
42784 17760 50
6066 46721 22
41255 59159 9
1555 24456 31
52563 23624 11
38575 54832 5
41719 2373 6
51288 35756 29
47672 24419 7
30149 51854 11
48515 27378 12
30289 13348 5
47983 41838 17
52677 29635 29
48489 43675 21
42404 17328 32
33182 1183 4
51618 41576 25
50123 43675 14
32885 10899 42
48655 36588 29
47935 51159 16
33094 12424 13
45301 48751 27
19017 53427 18
33884 57179 9
41111 50503 8
35447 17013 25
5203 37661 12
15084 27809 14
22833 12525 49
13094 17033 19
4590 49730 19
7523 10249 3
29418 44915 21
36887 3202 9
40706 22768 4
46583 30741 9
59548 16085 13
24018 17328 24
3991 4687 18
875 17815 3
46393 35425 20
20559 9158 22
21201 57700 25
44420 50296 4
52405 23034 33
38919 39600 23
29285 41453 43
11860 42782 15
27374 617 9
406 37273 3
10167 44501 12
42165 53313 7
14732 55981 26
13861 40702 7
2820 26108 17
49146 46393 22
31264 36847 5
42324 57128 13
26066 30129 22
41232 4133 6
19010 31519 15
50362 20995 7
53429 41387 6
33278 7365 4
14185 27352 4
15821 13341 10
29294 12919 30
14755 50617 11
35496 46698 7
9650 27378 12
45092 24293 10
52761 13094 22
42199 17815 4
39761 36238 24
49056 17 8
47057 52467 39
45068 55269 3
23206 32655 90
20233 19762 22
47800 13317 12
54657 20559 24
21857 9554 20
31066 19784 24
42782 2376 7
32526 10477 18
24924 47373 24
53589 6275 10
12085 25787 23
9840 36890 15
14950 56242 4
13341 42083 8
14696 7622 40
43055 41005 40
46620 2657 8
54687 30456 24
36421 36140 28
58715 41387 6
28425 59714 18
36560 42948 10
10487 10829 5
13072 3579 4
17022 5897 19
20566 35502 15
13195 44611 11
35936 26244 9
28641 21106 23
8211 34531 17
29182 27469 12
57605 20087 5
53748 32915 23
44562 15899 7
7662 48906 9
9079 14950 7
44730 47758 13
2156 37661 13
54840 48551 4
57700 47303 22
35834 57114 17
26683 59181 2
19608 48203 30
41366 33094 15
49620 42083 7
12762 22790 22
48492 10028 1
1083 39124 22
36847 59999 2
40373 21559 19
20368 2113 12
5918 47816 3
26649 42760 25
38582 16158 30
598 53542 36
8842 55056 28
43617 16973 15
50765 59288 15
35714 28216 8
38744 10193 24
23366 27703 18
25270 47705 8
57697 39327 14
48112 56922 12
23902 46970 7
56962 53472 8
2417 59911 24
643 59545 6
41154 25651 9
46851 59668 64
41034 11861 13
10509 45367 18
45714 10674 20
36238 8442 22
21801 52504 11
49425 16211 26
34427 54832 3
55202 32510 20
59775 42136 5
14154 22549 12
37164 4774 15
29116 6232 11
41280 42017 12
32808 53155 35
10178 34837 62
13347 12042 7
42083 37273 6
15056 51856 4
48631 37576 9
6806 54029 3
2412 43625 63
38105 2417 35
4117 24173 14
44385 17986 28
14292 40112 23
5425 14354 8
18127 31994 63
53866 22061 74
39001 40393 11
36575 42042 6
4000 40892 14
59436 53965 4
23639 15190 16
46574 58363 26
28705 50554 18
20144 29229 22
3764 35463 7
29920 42032 7
14870 20995 9
15330 56612 4
55969 10167 13
36768 250 7
21900 19474 21
21075 35623 10
22542 41833 25
2947 11040 17
46731 47513 27
55209 57106 5
15220 11170 9
56797 44052 21
12816 11829 20
48153 267 27
53567 17 14
32728 1183 4
27032 30741 4
32767 55981 26
24342 1518 24
35605 810 5
48440 26243 23
21243 28216 8
34760 59181 2
12438 7112 24
16160 18046 6
46443 6430 24
3771 17815 4
30688 14138 15
16899 3878 21
38092 20144 24
21346 29182 16
29203 687 23
3567 41280 17
55092 17649 6
52786 55056 25
9258 25976 3
59606 53217 23
37538 57134 4
56053 31407 31
815 20892 23
13841 6035 11
33062 15225 7
30279 53429 8
48372 24296 7
30625 20563 68
53563 7463 18
53094 9720 26
18002 58741 4
24261 7836 26
3295 35425 33
36992 40892 15
40910 15267 43
27530 7523 4
10404 36282 12
53555 49272 32
51054 18621 12
35737 348 10
53385 57694 14
57961 17172 24
24456 4516 26
18215 59436 9
16785 10028 3
1998 20611 10
1722 49146 25
10382 51627 11
34048 35714 17
38173 50362 11
15462 19855 30
38769 42371 13
59999 59999 -1
7555 57082 30
10990 58534 26
23784 1127 15
20123 15850 14
18300 3843 7
30683 3109 19
5135 22982 20
9376 9998 55
8220 26921 15
14061 38941 9
33623 24456 32
41682 49896 17
43608 46077 32
8794 4133 20
35210 3231 19
3427 47175 53
56922 20611 10
52831 39838 38
1165 24135 14
26199 50974 3
25023 38573 8
57065 20010 6
32080 31471 24
5119 48270 10
41288 16540 21
31483 48576 6
9720 27642 17
45824 25383 21
2057 10193 8
54016 8539 5
47586 4089 7
8832 26411 32
2618 1526 65
32858 8430 17
58341 8647 13
41035 42196 13
10961 28166 8
48763 42013 5
20653 48576 3
32896 10635 12
24071 32128 13
51665 28121 13
34798 58112 9
48131 57830 13
17250 34363 12
44629 37697 13
3950 36847 3
36526 5406 20
4149 17111 17
4500 51854 12
30567 54666 32
22768 10028 3
43076 45249 94
36119 22210 38
7179 33941 51
52424 11187 15
51587 19961 6
12667 5105 14
46444 30359 25
14407 48906 9
19260 21661 26
26466 4687 20
48253 1722 48
42130 22659 37
14710 37471 13
57111 6089 30
15281 13474 15
15146 5560 24
4838 6152 37
55468 25383 21
5230 51159 14
3479 52735 32
26262 55269 3
9835 59445 22
57993 35949 7
50174 46589 16
2765 617 13
25129 28357 9
15423 21852 25
28569 53919 26
827 10635 13
27478 26953 76
22093 32121 46
10193 10829 4
55566 58112 6
23577 1722 47
53235 56602 12
17741 55158 31
52187 25383 21
1031 58103 76
27431 56921 13
8521 50362 44
18788 36361 13
9485 48551 4
37835 37930 12
15190 42165 8
25243 16973 16
9031 38572 20
56656 43704 68
38384 31927 24
53221 27352 3
7111 15462 31
34910 53764 18
11843 26649 28
40039 16158 30
1011 34227 20
16534 803 20
9251 16961 14
21011 33735 23
23390 52504 14
13006 57134 4
9149 24413 34
8278 9449 42
21564 38573 9
36314 45921 13
59926 46891 24
51286 41034 15
29405 10902 20
17815 59999 1
13543 25458 11
42932 10487 13
32900 15017 11
55347 7028 4
7273 514 14
34060 1998 14
22072 37820 11
8701 37713 9
1144 35989 23
51226 50617 11
28589 13051 23
8355 55388 10
59642 11748 9
32195 11636 32
27644 4843 9
30081 4251 25
11087 37471 13
10249 48492 2
52701 50254 27
59803 29203 36
20044 9588 5
44404 16431 21
55249 6275 8
10466 17 10
779 15252 8
2210 25561 39
59882 3099 4
5560 25845 20
20161 22013 21
33185 43847 30
44736 12573 3
435 2883 14
55023 10829 7
16225 43108 4
40112 26242 21
29562 51054 14
42987 9079 8
31396 945 67
55616 48576 3
26308 36361 12
36740 36666 27
37231 21852 25
10914 16973 16
53366 56933 21
26107 193 26
37918 17931 13
528 17649 6
31241 12042 9
21705 59999 1
56242 43108 3
31201 26882 8
25850 15299 7
15551 9149 67
22203 3950 4
15436 54832 3
7434 50563 13
12569 10249 4
48379 12087 13
52041 15926 22
1127 5998 14
30480 1422 8
52735 54152 25
9686 6517 5
33416 38842 27
13742 40979 14
43181 3991 21
8429 9208 16
12342 5903 8
55570 22364 20
19474 2308 14
29704 15332 15
6833 8130 8
6556 42892 14
9006 28575 30
10874 21778 13
26524 58534 22
38862 35788 9
28079 48382 21
14024 15332 15
53725 50775 6
7051 44248 20
42983 58112 7
12411 41776 14
1397 4095 12
34595 33327 14
18012 22402 31
38072 29172 23
13817 55094 14
25156 41232 9
15463 10193 5
53424 59539 18
53513 22013 21
6990 50974 3
31717 13858 20
34813 13474 50
38103 7622 41
24515 44562 9
193 23591 25
30918 30434 20
25713 26262 8
15537 56230 12
8879 55269 3
9927 12 10
54631 57128 14
5976 19709 24
50248 10249 3
58311 9686 9
18496 11088 55
58239 29647 15
33092 5839 11
46635 53045 39
55375 12028 77
4101 30580 29
16096 34296 10
51615 11508 32
20003 44527 23
10903 34837 58
5922 10487 7
11748 25976 3
34455 37273 3
32020 28266 6
56475 3255 7
6822 14138 16
7980 46257 11
41284 26836 28
42525 28648 41
10460 24362 4
40271 5918 6
6858 28276 13
36140 4361 27
58470 44453 13
7349 30306 18
57308 44248 30
47447 38572 20
22321 6579 39
58314 38106 57
27746 26890 12
52976 22733 14
17200 803 23
50283 22203 8
13010 23155 24
7562 25212 24
17936 13134 27
47358 15899 7
45537 44655 12
29131 27516 13
13134 1358 26
47811 46466 25
1283 40009 86
58214 48391 19
16961 27554 10
59845 41049 22
5575 26935 4
10538 1572 13
13154 46721 22
18221 21238 21
55760 30741 8
31299 52260 3
45934 14950 10
25847 3991 23
41527 25023 19
25883 59286 4
46784 41326 9
49307 27554 12
57038 26649 26
23043 22374 22
27699 810 6
35765 10699 36
13289 21404 10
24556 25450 34
53216 14151 28
47324 59286 8
57694 28121 12
36588 5897 25
42876 58741 4
13486 27642 12
29934 24914 32
52788 42083 8
41760 15523 12
47624 2210 43
37688 50559 15
22614 27756 25
22352 50729 26
41098 18300 8
33664 51649 5
53313 10829 5
21404 57106 4
8963 48906 10
40088 34987 3
8245 40088 6
44915 31471 20
29736 33507 24
54124 37243 17
30393 53965 4
14105 9668 13
3878 16431 18
41838 58324 16
37576 56368 8
4367 11227 33
1743 9149 60
20992 31299 6
12513 41415 4
46974 55424 10
16838 39068 15
59135 20611 10
36891 26006 26
10233 10028 6
53171 20691 20
17581 56600 19
30545 11296 32
46230 59288 13
38847 44693 16
55211 15407 14
8995 53648 17
16853 62 23
55056 38482 24
5890 55592 24
6946 12573 3
52741 43704 64
54873 57197 24
15082 35788 11
56736 50515 34
49918 25561 35
48437 1998 19
34315 44732 8
4976 24018 29
15158 47672 10
4220 29155 11
24673 14185 15
25633 25023 13
41499 38147 11
47798 43320 18
23170 3295 35
20189 19544 26
22495 59181 4
26356 3579 7
16059 7180 16
9003 27438 3
1351 810 5
27894 6022 16
9504 43675 24
348 28166 8
45340 1722 34
20010 26921 4
27446 24751 9
44293 30393 9
50378 37396 15
29741 42782 13
11013 3991 21
43847 15281 24
55907 25787 21
21578 48372 8
50570 50710 13
42563 32918 10
10328 22925 10
31471 11829 15
22364 48555 19
56607 15900 14
50382 22374 25
4288 28121 13
33619 16834 15
38023 23591 30
48779 13289 11
48004 56170 13
43126 38582 31
25298 12331 25
31994 34837 59
48991 43653 28
41453 47175 37
11708 24812 22
53219 49173 8
43375 38502 40
27977 35187 26
49290 30598 16
11396 47811 26
39663 54029 2
36361 30241 9
51609 8820 8
14394 14154 13
41338 30655 12
44133 48211 20
31660 18553 19
7681 34493 23
2027 24296 16
36492 41433 8
4954 16973 19
44527 16540 22
16752 27699 9
47629 46393 24
10966 57412 14
9068 56465 12
43203 54832 3
8937 36298 24
18517 24360 23
13184 15506 10
27238 53155 33
12345 17022 23
32486 40689 12
48070 12127 12
5341 428 18
9738 44864 11
16973 35502 12
12028 12130 75
47060 41364 18
32993 24296 9
44465 52260 3
17778 58741 6
45665 48551 4
36149 24362 4
4825 34798 10
49832 42782 9
14354 14950 6
15775 18375 16
50815 10914 22
58355 5897 21
42773 29051 12
36803 57099 23
44298 34296 11
24613 11725 32
57990 48300 22
57401 38472 20
11648 13841 12
11743 44862 55
2792 28132 12
6701 4133 14
6315 50296 4
5048 58112 6
35992 24802 7
9554 11748 5
50161 43925 90
33510 19150 5
53222 28705 26
3458 2274 4
54119 40635 73
30323 39730 6
23589 50296 4
32724 18645 10
16850 17328 21
4614 9434 31
45253 18756 3
50585 14950 9
19961 59999 3
16085 24293 12
1889 12331 25
5186 21559 11
58967 35496 9
55180 41792 11
18910 33932 12
1162 41154 10
5029 37858 12
44874 3462 31
23828 22210 26
24531 43538 15
8020 37820 14
35268 57783 48
44363 8582 24
51836 39623 22
11725 41907 30
9895 36847 3
39206 54594 6
17605 48829 21
51960 795 18
13650 15436 4
37471 32918 11
35492 14685 11
2113 47816 5
13203 48576 3
18734 58926 11
13051 26242 22
50456 21106 22
50676 54029 2
39068 9865 11
5688 57095 30
43075 1222 24
52253 58470 19
43496 10028 2
21384 18667 21
4247 33327 22
23979 22210 37
4315 22409 38
35463 34987 4
28489 32510 15
57589 57560 15
12832 51856 4
24173 21559 12
23356 21705 3
44042 46257 11
16613 4430 11
40746 4014 29
58952 41682 27
48018 35264 16
6639 11296 32
49484 5186 13
4430 36361 10
2373 18756 3
169 53429 7
44434 25073 8
10576 9588 10
19394 33595 8
1976 30600 6
44862 10772 32
37067 16785 4
29534 52701 29
59200 37074 23
31519 34227 7
41364 10635 11
49288 1183 4
519 13195 12
37254 42594 17
29233 16540 34
59394 17 14
52221 38821 4
12852 48631 32
18935 20507 25
12919 45977 27
29619 10669 13
24510 44252 49
22979 32724 11
7955 8130 8
30581 51627 14
3326 47597 37
59445 44052 21
56120 12615 13
19466 54832 3
15630 50123 18
57851 7748 12
3109 40979 10
44032 38068 19
35020 19025 14
22062 11748 4
51216 19010 19
21538 26683 4
39871 41366 22
32990 53657 11
1762 9144 20
34413 55269 3
39142 32808 50
43146 55269 3
10594 38564 16
51219 43316 13
43320 16745 14
51111 54533 13
22372 59668 43
43925 10914 22
7802 53424 33
58680 58162 7
17750 19474 17
51799 54832 3
22248 17346 8
58141 28276 7
6232 20611 9
21638 31299 8
35851 14032 32
36036 31220 13
3735 32027 17
58531 14138 18
16751 56281 26
26847 33162 35
39608 40706 14
59006 51896 12
16903 33195 24
27305 15191 16
51605 1998 26
36047 6282 13
32027 56379 9
45555 38482 23
1491 10233 14
19796 36768 8
55914 8917 16
6815 59999 3
42340 25802 37
21852 55907 22
37138 48725 6
51551 17757 14
8953 9149 78
7748 47332 8
8261 12539 12
34704 58743 4
58890 56510 26
50406 43467 7
15259 56736 37
9434 55981 27
19747 25023 13
34293 450 8
24979 23276 13
42948 48906 9
43537 1183 4
49613 2235 29
29909 39950 11
4311 40714 27
18848 58039 20
53252 27746 16
36333 22203 11
58039 50123 18
9448 50998 17
34531 13474 16
13043 43146 5
38258 38962 26
7238 26262 6
23104 31533 8
49744 17501 45
51462 25921 25
46049 15252 7
58432 32099 12
37111 32798 15
56382 1222 25
30598 25976 4
45539 25383 21
30655 10635 11
23613 53221 4
31012 30741 4
46000 30641 23
59901 55338 15
16793 25156 10
46919 3843 7
18991 13242 20
54476 3537 12
40649 4160 17
44535 45313 17
49706 15975 11
28271 1358 25
41750 29736 25
13246 34929 24
30795 41750 27
9080 43316 13
33250 55090 18
52805 55269 4
58508 10243 15
14625 14127 31
7466 44091 31
57852 38482 28
31734 36361 12
16138 29405 21
41416 48211 20
54626 44611 5
30132 11860 19
30222 7844 14
23545 27880 72
45435 54153 10
49610 41991 12
54752 15899 5
45642 12042 8
14068 35989 25
55280 37273 7
39836 32581 15
17590 35854 8
26244 58162 6
8656 32330 5
29411 10902 19
52099 40113 26
54384 8937 29
1330 12615 12
55701 55592 27
29647 51054 14
21748 24770 13
51666 18374 21
1231 15916 8
30263 24267 14
36114 27351 11
44435 37471 16
11571 29300 39
26563 50637 19
51370 7886 60
48555 16605 18
57498 8701 10
11577 2592 9
37163 13861 10
37629 36389 25
50367 17400 13
50225 4954 21
2070 3109 11
49180 31579 21
25898 40849 73
45876 40979 14
41355 50974 3
34108 45092 17
32624 38482 24
28738 42983 8
37984 1743 70
20870 30375 12
40285 10193 5
32099 3857 11
23934 49619 12
16007 12919 29
57334 36114 23
14032 55981 28
14932 57846 11
10797 7918 14
43675 24419 11
25466 26059 21
22730 16973 15
35812 42171 17
32426 14236 32
24002 7365 4
37772 31284 20
54748 55442 26
50610 41416 21
25427 7955 17
51862 31803 8
57190 30795 28
58363 32902 23
5357 36858 22
2345 25847 24
46970 27352 4
31868 59286 7
17483 27352 3
43445 58741 8
20406 25921 25
25598 17986 25
28201 13672 23
51084 50283 13
14478 16225 6
15874 54029 3
8473 20611 9
9158 26243 21
31909 29203 24
53872 40868 27
25527 24162 14
26966 33735 12
49295 6026 17
49785 47591 18
42208 29068 5
31912 28991 8
29802 1722 32
6637 5688 60
44414 57210 16
44693 15225 13
18624 39206 11
59142 25212 24
28457 50974 3
31242 13513 23
46589 53648 14
39543 34760 3
935 32605 25
27979 39663 4
45162 38150 8
24162 30467 13
19183 2947 22
21476 36314 15
43858 1572 12
54008 49061 55
54619 29741 14
35630 18302 19
47373 37809 23
1834 18621 13
22948 29986 5
51175 11725 31
5627 6239 23
267 50225 23
11459 35496 11
31269 5341 20
42879 52073 30
51265 31299 20
46004 26882 8
54228 5556 11
30241 43108 6
28717 10384 12
51642 10487 6
58922 54257 33
25212 50351 23
43538 33934 13
43316 32918 12
39386 38502 31
14827 48982 65
39497 42748 22
39623 22730 18
14785 4687 20
15532 51667 78
12218 36152 29
27756 47303 22
7627 44892 40
39173 1343 24
26758 20995 8
7871 52409 27
27145 30149 12
19923 58526 27
19639 62 8
11007 23608 16
53785 18621 14
33114 59181 3
53885 14950 6
58526 45399 25
45741 44736 4
13000 26262 4
29479 42876 8
59964 11861 12
43639 22389 22
44842 33951 36
42013 27438 3
45584 59524 42
55775 32128 24
59495 7273 16
22210 42760 25
36666 58024 24
51825 10086 5
58725 45403 12
11187 49056 13
41049 22364 20
40113 12816 21
2248 49918 36
56857 11895 10
11935 37858 17
18092 6239 23
29068 54029 2
53660 27438 3
33549 5375 32
50617 25156 10
48829 34788 20
18425 21106 23
46098 26983 12
47404 46583 11
2051 30545 35
1530 41490 28
25888 48631 10
17136 47858 25
20152 55269 4
15049 36313 21
30359 8917 11
46558 55592 27
45249 51659 57
14155 41407 27
40618 6232 11
40922 15818 26
24778 6022 17
46874 3843 9
56271 51991 44
1700 25156 11
48374 42980 15
46875 59999 2
26548 50456 26
49702 55280 9
3214 58162 7
41823 41110 33
175 52260 3
22581 25817 32
2800 46393 21
27351 40594 10
47656 18975 60
32128 10640 5
18413 22321 43
12774 47986 37
30932 56368 9
33372 1196 8
59896 31567 8
2666 41568 66
7819 26968 9
7404 1462 16
42484 4946 9
46409 42563 12
2442 5425 13
10074 51386 10
51659 34911 50
29337 49146 30
17100 27438 9
38850 29155 10
48349 44025 17
51371 27351 14
31222 38502 27
42101 4666 11
19893 26683 4
24268 8995 22
44498 45024 13
45890 25977 55
37496 6082 8
41794 24393 13
2287 52073 23
30447 19215 30
37052 36890 17
11212 250 8
15916 18477 6
50103 44611 9
11449 44562 8
45861 53155 33
34536 41990 9
59079 10193 7
18209 17319 11
51984 25156 10
27740 32510 17
15373 28457 5
32999 22730 18
2662 30434 26
57940 37930 12
18842 17501 36
29696 57105 15
15017 45444 9
34451 30747 11
22154 42760 27
52532 35955 38
23121 48713 12
3796 28121 14
47362 38379 26
49988 26262 5
43248 56281 17
26944 54029 3
10181 15281 37
42562 17979 9
57560 42782 13
52593 10675 8
38830 56612 3
49353 56713 29
51854 30241 10
47425 41991 11
56094 42873 11
50762 25450 34
4683 50998 20
10342 33785 11
23080 12615 13
17775 58112 6
48576 59999 1
19926 2274 4
19800 31937 30
26759 14236 28
44387 36508 23
52712 7867 21
14852 58793 11
39061 14192 9
33369 35537 14
32162 21106 23
1358 2800 22
4489 59010 16
49659 45253 26
19131 23162 11
37646 29819 7
58325 58988 31
47677 53313 7
32074 27469 18
1112 54029 3
18378 55269 3
12087 59135 11
30671 17986 25
40103 49832 13
28216 41387 6
53658 58112 7
39981 11508 31
102 18667 12
33924 34531 17
23837 37025 8
24436 50123 19
6659 55347 5
27082 36768 8
35537 41387 6
51896 54533 9
38775 12042 8
37809 45399 20
42239 56612 3
28103 16001 35
47900 33182 16
5758 4972 10
7112 12770 22
17716 53221 6
51426 57190 30
22652 52831 40
18146 46239 8
55890 9265 15
58187 1183 4
41415 59999 2
11483 34296 6
52051 13341 16
44858 26921 8
24199 40694 54
47858 46216 23
29717 37052 19
30643 38150 8
26980 53219 9
446 59999 3
18009 46230 14
56658 59999 4
56770 42602 67
50619 44091 31
31229 20087 12
37897 26308 13
50532 37273 3
42116 6047 4
43333 26262 4
9764 2376 14
56788 59833 4
14192 10193 7
11296 15281 20
21428 16548 22
33785 40979 10
8788 57318 4
22425 16158 31
18448 19466 6
9144 59006 13
37943 25976 3
52387 44855 20
23137 29698 29
25543 37425 24
41425 7028 4
15732 31723 27
54457 17815 5
29399 16225 8
25555 58000 7
46189 45916 19
3753 16576 22
2823 21404 7
59668 32971 42
55624 32330 14
44825 31012 21
45916 29595 8
21778 12539 12
57179 14950 6
12849 38315 6
32496 58162 7
39327 2376 7
49772 1079 24
50092 43467 8
46048 23204 31
23972 12371 17
58941 20611 12
15612 39838 37
42592 42760 26
36568 42980 13
14433 59999 3
23162 48906 8
5998 43193 13
43717 16227 12
17172 4954 21
48444 42873 13
25845 5897 19
51298 56368 8
44864 28166 9
3075 42378 42
45836 23837 11
11125 45824 22
40559 44248 22
1217 31264 8
40541 52387 22
34196 30920 14
6067 6239 22
44375 41387 6
33452 42563 12
24914 1518 23
36134 1222 23
8910 38502 27
32663 3231 23
44410 54832 8
29789 34660 27
53532 41387 8
14685 37713 7
17460 2415 13
51436 25212 24
24360 18374 22
37886 20566 16
24398 48551 4
36063 2883 5
17742 27289 40
45977 22404 26
7792 34798 10
47036 53171 24
25391 11296 27
43883 41255 10
45960 16118 24
4862 7965 12
45304 29113 14
13317 2113 9
50775 7028 4
32798 528 7
12297 17223 16
16975 35908 27
44095 29411 21
11954 53429 12
52195 49300 12
29693 39999 26
35462 58743 4
18756 59999 1
10076 27352 4
50492 9251 16
9668 42782 12
19877 1834 21
51566 48544 32
49612 36666 33
7045 59999 2
32022 6806 4
38863 25287 9
19286 30741 11
21740 15190 15
3517 54022 15
46176 36445 10
11526 21195 32
33195 31981 23
32581 16040 13
8222 43247 20
7314 50619 39
7844 37697 13
48483 55023 8
42593 7790 22
5257 18966 23
36152 15332 13
6035 41232 8
50554 27703 16
22346 41433 15
56349 1920 26
27398 15299 5
39770 19286 12
5945 41990 12
21930 34286 50
19423 27438 4
23754 43994 15
7754 4500 14
28030 52260 3
53542 16425 29
52006 12424 8
58609 8944 13
45399 26242 17
42892 13687 13
48943 51566 34
36472 37243 4
19426 5048 8
18161 28673 15
25166 25466 25
48377 17757 13
2244 33278 13
40963 32268 13
53850 50998 12
32226 42940 14
35425 37011 19
22389 7867 21
32892 37471 12
4160 15407 13
30543 7790 22
9694 11636 35
59124 7918 13
42257 29194 16
34643 48576 6
25682 8917 15
52612 4946 15
41548 56612 3
24135 5556 12
9865 44045 8
36189 4117 15
43108 59999 1
33695 50178 26
4930 14958 15
31764 38691 11
26691 34296 13
6497 59181 5
37868 23591 24
28831 52885 20
21302 33924 19
43352 44432 22
35045 26262 6
20995 4310 4
38859 36996 50
21204 36847 3
24802 10193 5
22540 32900 12
31637 24074 7
33512 5839 10
6625 22352 38
2592 29819 7
59310 50617 11
2358 7180 19
33447 21238 20
30401 56230 12
35721 45221 11
18573 59150 19
36229 27554 12
3951 49061 52
52376 14668 27
43221 14950 6
27546 41907 33
5966 687 24
57318 54029 2
24708 34455 4
16630 57517 13
10597 15281 20
42736 21705 3
6579 782 23
47059 1530 29
37844 42116 6
12469 37273 4
38064 7831 9
23276 10374 12
50623 3529 26
49878 37273 4
42597 43717 13
39344 59394 15
35623 31533 8
33934 2245 12
2455 11180 4
19949 47404 13
6569 44385 32
1769 31483 7
55561 10487 8
28876 50617 12
48906 37273 6
5432 15049 27
47920 47585 45
51217 27850 13
28666 44624 12
23887 55280 9
34906 38639 26
51030 25787 25
46529 52563 13
55158 52073 27
31000 20358 22
11064 17979 15
56022 48978 22
15407 59490 12
50480 27504 38
33583 16850 24
12424 27352 3
48643 14623 33
36298 21106 23
849 12615 22
50162 56933 26
54326 4315 39
44220 50362 9
42377 543 14
3378 3950 4
33550 54832 3
57735 7000 17
15549 11296 22
37219 50624 15
15360 47871 14
9363 42597 19
54962 11092 25
8699 59286 7
1707 14603 28
37322 16697 15
3185 12469 19
37488 9600 22
34726 59069 5
15254 59490 13
54756 26262 6
47608 20497 21
9648 17172 34
36072 4133 11
50393 45555 24
56925 55347 7
44026 35502 15
18375 37259 11
22472 6155 8
29865 27746 13
10998 59999 1
37930 50617 11
21908 41990 8
19709 44289 6
29401 5876 18
14958 41364 12
5556 36361 10
5776 9265 13
803 45399 18
44968 22248 14
49315 53850 13
43832 47798 20
6624 39206 12
23193 4933 11
4931 33062 14
21662 41387 8
7000 30359 12
31246 37273 4
19573 40352 26
55150 37149 8
23326 59775 6
50377 16973 19
40990 37273 4
36508 11187 22
51973 42421 9
36305 51854 12
3903 50600 4
52151 26199 4
39040 39981 82
12765 1518 26
31365 17245 9
25450 32942 33
49338 11864 13
46980 53496 4
12437 33934 28
40499 49599 27
14568 38573 8
29221 53648 34
48867 55269 3
45809 43221 8
23410 10772 32
14920 10998 4
24770 57140 11
46066 19025 6
30798 17579 24
32051 19899 6
9090 50673 86
5152 30641 23
24291 40706 16
34130 13348 4
41001 50351 22
3455 42940 13
10227 10675 8
2376 21705 3
704 24360 23
7625 3732 40
21623 41232 10
46721 803 21
7167 7201 15
40364 7028 4
4909 13347 8
41792 33595 8
16816 58741 5
44119 16007 33
17579 30918 23
30913 1358 24
26787 18756 3
6155 48725 5
39322 37197 8
5239 57646 36
51990 46409 24
18667 52260 9
31278 30375 12
52182 50600 4
2806 16588 28
39730 57318 4
13165 52831 42
20687 4430 13
13358 9764 19
10346 4430 12
23232 31284 20
32461 17977 22
19030 55092 7
14056 32918 10
37537 6462 15
32425 21426 23
59326 58296 10
18779 17595 17
47646 47769 26
56478 10669 15
50974 59999 1
18421 56707 24
56602 41232 10
58253 37820 10
7186 33563 16
22911 9265 14
26629 12469 6
8588 44915 21
12 37243 4
20736 45642 10
3619 4954 20
58988 1358 30
48358 52775 22
28798 52735 33
45221 18477 7
33376 6047 5
10902 16605 18
14520 13332 18
11813 48076 14
21513 622 22
4584 43520 4
26630 29865 15
20491 26683 3
55194 6232 12
36982 42083 21
47286 4584 12
28854 39395 37
37858 617 6
3537 36361 11
52133 15650 8
8971 13417 26
18970 43257 19
89 47152 27
38552 29802 37
10078 47303 24
57104 10487 6
54226 58341 18
5640 16016 12
46921 41750 26
30624 18892 21
30257 16850 23
18066 22486 16
46571 34293 15
38402 4516 26
48270 42042 6
44533 42932 23
36386 54256 13
38806 26683 4
35663 4361 27
52890 23572 89
30339 10772 44
20313 42847 17
31308 15252 8
42873 35192 10
34505 36575 8
38842 37606 21
44187 55269 4
10829 54029 2
58056 12816 22
29765 57270 15
30448 53012 19
2220 27746 14
49156 30342 15
8970 13780 5
55090 16227 11
32764 35264 17
43623 28266 6
1329 58890 32
16675 31471 26
20495 16118 22
14046 27642 17
7733 33949 25
46439 12615 13
48211 803 19
39912 50600 4
2890 42017 12
23624 28166 9
1097 528 7
31291 20995 6
56650 11170 8
44315 24074 8
250 37273 5
9336 51667 70
5894 23951 15
5438 15259 117
59288 10374 12
36452 44289 14
15754 2820 25
22396 3950 4
54354 1948 8
49080 31284 20
48277 28806 24
19899 44763 4
15838 45117 22
59903 54029 3
55750 51856 4
57140 15915 9
25164 42782 11
34651 44220 14
46269 10249 5
38573 15899 5
40637 43633 21
38222 25518 70
27071 32128 15
22990 12615 13
48256 10487 13
59406 13426 50
42060 20995 6
23646 25243 18
37820 59181 4
7997 30920 14
41833 18425 24
1954 52073 18
17713 43625 63
43103 42563 11
42558 10669 14
58482 7997 31
16029 32912 28
54898 32851 9
18637 8130 7
12546 4430 12
13373 11675 41
7801 53429 11
43326 23589 6
37492 10874 18
26878 8892 15
28575 30580 27
42374 43995 27
25817 48203 31
29155 34296 6
37697 25164 12
32918 30241 8
8457 17805 28
15489 22790 24
39898 57106 4
17400 30655 12
11745 6047 4
27703 21603 13
49747 44919 38
9945 45125 17
44453 37661 11
41776 2245 13
57596 3155 12
19228 29534 33
32851 10249 7
6517 34760 3
2615 41982 5
7076 62 8
46943 47447 24
32854 54029 3
42617 19215 36
23166 19025 15
49061 34911 51
34354 48906 8
33793 5186 13
35854 16225 6
40453 9149 77
11251 3857 14
13826 10374 12
32261 7238 19
32302 44026 24
47689 57105 12
39868 3843 9
46466 23232 21
45232 53612 9
58326 10028 3
49664 56475 12
31781 5640 22
23204 30671 28
37652 33916 17
2918 22248 16
16654 14024 18
1445 19809 27
44732 3950 4
33162 52073 23
7790 56510 21
49896 59539 13
18303 10903 59
41085 51186 21
38748 24293 9
14845 20120 25
19809 49036 25
17595 23222 14
20331 22931 16
23999 27438 5
41433 43108 4
23015 16227 23
47272 30598 14
16953 43146 6
2990 35492 13
17649 37273 4
12788 11227 36
1133 20161 30
17264 36890 21
41705 643 10
47996 55269 3
39434 38572 21
56713 47629 26
51256 12573 8
11040 8917 8
32311 2883 8
49434 22389 22
24766 24347 36
33509 53429 7
59159 617 7
33437 19025 15
45676 50619 45
43931 31299 6
3417 17022 23
32348 19215 30
30412 26683 4
706 22364 21
46403 41232 8
52675 56083 29
54485 32178 9
40089 56612 3
7180 24293 13
29695 7365 4
20367 45539 22
11010 1562 37
28687 48982 97
30645 31755 12
46389 32589 17
29862 58024 25
14330 57082 12
11780 4858 14
13019 1889 32
54109 37886 24
514 27351 12
15926 803 21
9939 58112 7
15836 21773 13
50543 50123 17
49451 31000 26
2495 44248 28
54264 23104 14
13687 8917 11
38088 59326 11
45736 55907 22
20698 19386 36
4425 31567 13
22238 28266 6
42196 4430 12
27065 26683 3
7776 9764 26
35612 58112 6
54542 41522 29
34137 14302 35
32259 57105 11
35266 59999 3
4673 2554 53
22085 22444 23
16945 10487 6
30994 9258 4
17433 18300 8
38954 5690 22
8916 7365 5
31432 30375 12
37856 21705 4
29300 49918 36
40061 13780 5
30944 59178 13
37197 17649 6
3608 55907 22
2517 3255 22
28933 21705 3
40391 30323 8
44763 10028 2
22013 17022 20
23591 16973 14
35881 22248 11
13601 48551 6
22051 17605 22
43173 13154 23
32565 31299 7
55658 20161 22
15578 52831 40
30960 1526 38
52829 52073 26
15320 42101 12
37025 10640 5
5689 36361 12
50027 1722 34
44091 41907 29
3587 16785 4
45669 27756 27
25039 3843 7
40714 16973 21
54367 51803 12
46326 23155 23
21595 28121 12
23570 7792 28
42807 49599 22
42358 48551 7
12609 33785 11
30295 54641 19
10753 1358 31
34289 8473 10
4666 32267 8
19036 36858 23
5105 10243 13
52073 22730 17
13858 23162 12
48094 52073 22
42594 3537 12
56885 43994 14
59125 8892 15
50673 12130 71
11738 20583 7
54907 37322 16
49081 35278 12
48203 43653 27
53263 42130 64
38428 59286 4
52885 18472 15
27049 28121 12
33448 15899 7
29202 47763 17
24402 10374 13
50637 28357 13
54623 18477 6
23309 9363 25
46285 10037 31
28864 20583 7
16198 41415 4
22192 14155 28
26953 22210 36
25619 33094 20
22515 26683 3
49300 20611 9
49792 26066 25
1993 6990 5
35427 54832 3
16524 44091 32
13468 42305 13
38472 17649 6
18292 22385 40
48382 17803 10
6430 55907 23
10867 46326 25
35393 14027 12
52020 3950 4
18651 21426 23
37833 43925 25
36644 12849 9
46596 10487 7
25249 5105 15
33525 16502 15
15305 31396 78
9091 9840 22
27880 58132 23
9147 24173 13
24611 23193 13
1484 58214 21
6618 48491 15
22486 30920 15
25220 1090 16
40436 51877 23
27114 42886 20
31139 15966 18
15895 15836 14
31086 3669 5
20583 37273 4
19220 57105 11
7306 19394 9
30580 57339 26
17574 55269 7
37493 20016 7
23661 41509 20
57947 8917 16
54392 2308 13
30721 17775 8
22601 40706 16
4302 56612 3
14236 27756 27
41985 29562 26
51803 35043 10
6418 46077 21
4723 23133 7
57843 44562 9
28040 30920 15
11854 54566 13
1637 34760 8
35892 26921 4
23155 17022 20
778 54029 2
15016 36361 10
32507 32999 24
14503 59999 1
38642 48947 7
38052 15853 4
56933 31284 20
18606 15673 5
7693 10487 6
54482 3843 8
10285 16973 18
15011 54153 5
11644 18300 8
50242 54309 11
59464 58355 25
21579 52712 22
43070 10669 13
56374 45921 14
1196 10829 6
29703 21559 11
8043 59999 4
17684 29229 22
57704 49747 52
38400 1112 8
22132 36858 22
216 12573 5
3780 3854 19
7877 10193 7
14836 50362 16
12530 6701 16
56766 27438 4
24021 28450 16
20598 38379 25
5490 23232 21
573 45068 4
50379 1031 85
23572 37886 25
29161 46583 13
48982 43625 63
9089 3991 35
25226 45539 22
37202 44736 7
25500 44049 28
58382 10675 24
48614 41661 38
19360 875 4
14080 22210 46
31374 44374 23
17391 40714 22
48512 28216 8
38150 41387 6
19784 44133 22
11032 49180 22
33281 15049 24
36590 35192 12
13746 17611 12
44624 14685 9
13291 15899 5
44165 3878 21
7683 29819 7
21175 26262 6
57942 41387 6
35999 13486 19
4905 19760 23
57461 19394 10
18197 59545 7
49679 37820 12
49291 29411 20
27211 3843 7
37149 15899 5
22061 1266 68
10807 10028 2
42897 39838 37
31505 52260 24
44653 1222 27
27738 35264 20
9892 55890 19
41102 44404 24
38652 26683 8
18424 2098 21
16502 31755 12
24643 15305 82
27195 32267 8
5903 31299 6
18878 24362 4
513 17346 8
4408 57412 9
939 27398 14
38379 10843 24
53975 44165 22
3971 25802 37
347 54256 12
1400 19784 24
27415 23577 48
22874 8656 14
11756 23139 22
41744 43625 64
54460 15899 7
57783 34434 20
31473 43538 18
43933 29478 38
15372 7955 13
2378 54623 8
25158 57412 11
799 42421 11
56235 16534 32
15818 18966 23
16256 26882 8
55456 36386 22
36382 4133 10
21151 56602 12
27378 36361 10
59852 16540 29
23433 57099 32
49366 10998 4
17406 15332 16
53012 23426 13
39863 47811 26
28326 48328 26
57412 14950 5
34368 27438 3
29325 29434 20
22056 20691 23
52696 36361 12
48722 11296 27
35867 39448 27
58674 17815 4
14092 24296 15
34857 3462 26
22171 12042 7
1233 8130 7
450 41387 6
23914 51186 18
44502 22089 5
39694 11756 23
24949 706 27
40804 51649 5
49566 37067 6
39886 55750 8
27042 41387 7
37344 28948 39
37719 58678 37
54077 58941 17
38432 26242 21
51529 42297 67
30381 34363 17
28027 34048 21
44855 3878 19
24367 38830 8
54896 36238 32
31059 18756 3
18235 34987 5
36004 14827 69
42017 5556 11
58291 55094 13
49426 11212 14
7639 53542 37
10590 21705 3
31304 15225 7
52470 15225 7
46957 1562 39
51315 29116 12
18140 1889 32
16158 46077 21
33025 32808 38
36116 59092 29
56281 43538 15
10927 23591 15
47728 48153 33
15040 51659 55
42490 20611 10
15028 23155 22
9208 48978 14
30033 48982 103
1057 26649 27
53417 4500 17
9233 16953 8
3231 3373 14
48994 24556 37
22281 30795 34
3450 22614 26
1650 54832 4
30641 2800 22
21471 1526 49
16227 4133 9
46672 7523 9
25977 22281 46
9674 7877 11
30434 27703 17
11508 41907 30
38595 42782 12
15414 55269 4
57329 27642 15
21694 5853 30
40655 10998 4
32971 7466 32
23566 50710 10
17685 32330 10
17865 17022 20
11086 26921 8
26807 9835 23
34788 42203 14
57323 9554 14
15899 48492 2
26242 36890 13
6766 18657 39
43247 48070 17
29051 6035 11
6152 4818 33
55544 35851 33
26059 22364 20
58649 52187 23
50503 45253 5
23385 8690 123
22341 14138 16
15430 41364 16
43705 57105 11
36075 51186 26
48723 35950 9
16000 50351 40
16126 22549 7
58860 29478 37
7897 31877 18
43283 27554 11
19175 23987 12
24999 57104 8
32582 10193 6
30094 1165 15
51461 27621 18
55429 53429 12
35733 22549 8
8845 5330 25
23260 50974 3
19779 37606 19
47769 55468 22
35908 53027 25
9010 58024 32
20447 18667 17
4133 12573 3
2254 44119 47
58668 43146 6
54018 32406 4
24812 45399 21
48845 543 15
24048 22549 8
58435 37074 24
33535 50710 9
56356 49173 8
21222 12573 3
41661 25021 37
39405 48076 14
50148 36361 11
14262 20559 24
22353 23204 36
27554 30741 8
16725 17940 4
49559 40285 8
58793 15299 6
33896 30129 23
46216 26242 22
18265 18848 24
21661 38734 24
16761 42083 8
3857 21404 9
30129 44133 21
10245 18657 16
24396 8122 21
50307 18374 21
14187 15299 16
27488 50148 12
56707 10914 22
30868 53496 4
16425 4361 27
32384 16605 24
16040 1183 4
44164 2965 40
57013 41760 16
37791 44501 12
55522 9455 21
58296 37273 6
17878 22210 26
62 10193 5
54317 14138 15
21001 17033 23
52047 59833 4
57937 49119 25
27469 54594 9
12022 37243 4
54487 29479 32
45921 42782 10
53531 25888 11
30032 11040 10
30294 43625 58
31937 41576 27
50932 27438 3
56186 22192 34
2292 37273 3
13530 58840 23
53769 51189 21
58580 43070 17
53940 57412 8
54729 21426 28
53045 44045 26
9330 7028 4
33171 54228 13
16809 3627 8
24293 16198 7
1436 29229 22
4277 23934 14
5174 57265 8
6610 49146 24
54603 16631 78
36091 7965 11
45229 40922 31
9755 13043 12
22315 24301 10
2194 32942 33
27737 54029 4
15992 39327 16
48246 6047 4
13210 34763 14
22402 14138 17
3466 6029 31
31983 37772 21
29191 22549 8
18645 10829 4
50313 37809 22
9501 40706 15
526 45555 27
33794 44165 22
1492 32015 58
55467 17742 45
47722 33200 25
16745 21404 12
59641 28166 9
42113 55056 27
22021 14950 5
25972 34413 5
41990 44736 4
8181 10384 13
34736 16859 23
19781 35867 28
15353 21404 7
35989 44133 21
24112 49173 8
8531 33487 34
31046 10342 12
4672 37820 10
29885 55616 4
37425 9079 9
20399 17328 31
48639 58793 10
50729 37886 25
13999 28991 7
50998 59545 10
3632 14958 17
25835 58112 8
47034 52885 16
20761 33062 13
59618 31291 10
39546 23034 29
945 43625 64
37428 45092 12
57232 34363 10
59709 3529 27
33557 2951 8
24487 29741 14
57066 47286 16
22659 33941 34
59049 16605 19
16211 13332 9
11021 15899 6
48248 37642 17
6975 193 28
17760 2248 37
10437 54256 14
47476 35851 34
55264 17977 22
17416 54029 3
24347 32942 34
39962 1183 5
24419 57318 4
38504 49549 13
48689 19025 15
24422 45117 22
56786 56478 17
24243 26683 3
428 43617 17
14871 39419 9
19223 24436 28
4016 30245 20
7906 57106 4
32826 13043 30
30248 3843 8
31510 22203 8
17154 20611 10
54641 44940 18
11705 815 24
41487 32330 9
32178 10028 5
39159 39740 27
47569 28326 27
10899 33941 32
15224 18645 10
33213 59668 70
33219 26262 4
7078 52073 29
50369 15853 4
44427 12539 13
27423 27352 4
31884 2368 26
49730 5203 15
11620 10829 5
2667 59286 5
48022 2244 15
1188 10902 19
6046 58743 4
9689 53217 22
32531 3950 7
16486 46216 30
16130 193 29
16840 12130 66
165 17400 13
54022 34427 4
17334 27238 40
42378 18425 26
18172 18046 12
9664 12770 20
6089 51316 28
45434 4133 10
36735 41001 24
15329 55578 22
37642 20611 9
44892 35707 39
50198 22661 17
55204 40714 24
58503 15254 14
44049 18352 23
26243 59049 20
42717 57210 7
40868 13692 25
2125 10829 6
38006 34427 4
49119 26262 5
54720 14916 5
32490 9141 18
10578 4774 12
35955 1562 37
49975 29411 20
26661 50148 12
32838 44580 7
42681 53313 8
18298 17416 6
8195 14154 13
28148 59181 2
3854 45921 15
45515 37471 12
20578 54029 5
54095 55269 4
45228 17815 3
21306 52532 49
54801 57106 4
5897 16431 18
35307 50123 31
58427 32406 4
9606 41387 6
10098 48372 8
15875 14948 6
52268 6779 7
41576 39740 17
1343 4954 20
48360 59999 2
44048 22768 6
40412 25787 24
47807 8647 13
14027 21404 11
18374 803 20
17501 51667 33
12041 10675 13
48751 40637 23
19898 3462 25
366 37713 7
11970 59999 1
39765 22072 12
42471 36361 10
24348 11860 16
33945 1998 24
27611 22931 14
21024 29434 16
46791 29405 23
47763 48270 8
29071 27352 3
52775 21404 12
46239 34987 3
40635 18425 36
7816 44498 15
19215 26649 28
53462 58112 6
52356 15899 7
47705 10998 5
35192 48906 8
29250 3099 4
9141 28454 14
35940 41682 21
37211 29182 19
50992 56475 20
43398 18756 3
25859 24770 19
52906 42083 8
8603 53222 32
37744 10130 21
52594 1162 12
27516 7965 12
8383 16973 20
30342 13195 13
36467 53748 29
51007 48300 25
28044 31225 33
9802 44091 31
12539 24393 10
18134 32406 4
28506 54029 7
52036 27352 3
30478 39413 12
53618 51856 5
53340 56465 12
17757 2245 12
43019 51186 20
30258 46891 23
18583 15436 4
44255 3971 51
28450 27024 12
32975 4251 24
39334 43925 47
1526 48991 30
23911 27032 5
6022 48377 15
1293 56230 12
31755 48551 4
32702 43108 6
32065 31983 24
54913 54139 14
790 14168 18
50631 50393 25
37368 57569 15
14888 56922 11
15034 3991 22
15071 42378 28
53519 27546 46
2425 53496 5
36445 528 8
49470 31744 14
57569 23837 14
13499 54756 8
20120 33195 24
12890 12331 28
26299 47858 25
30442 20016 10
21242 59999 2
58324 56094 13
35146 44862 69
50064 39395 47
4368 12085 30
48978 59490 12
52052 59069 10
6779 34987 3
25095 6475 8
50026 10028 2
48486 43633 21
7034 48713 12
31096 54752 7
4155 8473 10
7199 15899 6
26537 4133 18
4095 34284 9
22149 54581 26
363 54566 13
8626 16007 33
20384 49163 15
37157 7365 4
20798 4954 22
53574 21404 6
12331 16850 22
53427 6701 17
17805 43984 22
9104 46403 16
22562 27438 4
19760 18374 22
54640 26243 22
22751 26262 5
47475 16539 14
37011 44026 16
39448 41407 26
9998 29478 40
8513 43198 33
38641 48300 23
50773 26649 26
44236 53648 16
25058 24267 14
25294 26683 4
52276 10487 6
32303 39405 17
9316 6089 35
2698 42083 8
44992 55456 38
43338 12561 12
7484 4000 15
3483 56922 18
12324 17940 7
12286 10927 23
8582 15281 20
18114 10487 6
16540 22364 20
1570 7041 16
12548 25058 15
30223 2823 10
57210 37273 4
43582 34480 27
16605 31471 16
6030 40529 13
4687 2667 14
54359 41991 13
32666 17931 13
24841 9516 32
15662 18621 7
543 10233 10
50254 30913 25
3605 52741 100
40393 51386 9
39950 59903 9
16193 35950 4
42688 27746 13
16588 43108 8
37259 16225 7
5811 24812 24
44088 35733 31
33563 2415 13
10513 25976 3
16576 12666 21
37713 37273 4
50098 30913 28
42410 4160 14
1462 7180 15
2368 12525 25
18302 41433 6
22733 47871 12
1562 19386 35
16831 11013 22
8092 56962 9
12706 30960 39
44025 5922 16
47795 48551 4
29635 48751 28
15470 34929 62
20782 15883 5
9785 6779 7
9643 5556 13
9610 46957 40
56458 59833 4
7867 45399 20
34284 13203 5
22963 49173 8
34040 59999 1
18648 53618 15
6475 31299 5
25787 59049 20
55094 13289 12
31524 24267 16
8820 15899 5
33481 54029 3
5348 46216 29
6713 31816 25
5070 37791 15
21195 37211 22
46209 29405 21
25910 48713 12
19890 21623 13
42732 18215 10
8200 56920 29
41271 25466 23
7957 55750 8
28357 35339 6
33507 40637 22
28427 33997 19
42053 24342 26
27024 30598 7
11482 46230 14
24482 10675 11
22539 10843 25
16473 41387 7
47229 12371 17
44252 25383 21
32589 32588 16
33951 58132 23
25642 2823 9
39838 370 36
47962 46257 11
43625 43582 33
4933 30741 8
1882 41907 27
35788 35339 5
26119 41387 6
10130 48211 20
38997 59069 10
27551 35278 13
1920 52238 20
4946 10028 4
28161 30598 13
39211 42524 18
1619 37773 10
10344 18421 29
13213 12539 15
4972 406 4
16069 26935 10
42371 48906 9
12271 15254 14
41407 29736 25
40370 16007 39
2311 14950 6
17424 446 5
41129 43705 12
38784 3878 20
34987 59999 0
33451 51667 67
51194 58112 6
58245 21801 17
26890 51854 11
54521 54641 20
48307 12770 22
22201 30412 10
36282 10675 10
42114 51386 9
17013 50351 24
5639 22315 13
21557 51371 15
33655 50762 45
22912 59159 10
42344 8879 5
29698 34480 27
12966 49119 8
21728 35910 16
34439 36389 34
20793 44629 14
48916 19175 13
19559 56170 13
12561 22751 10
11501 18606 27
13106 50379 86
32355 41355 5
24380 5890 34
4353 17649 6
8122 27530 6
3410 9588 5
14636 59539 16
17245 59833 4
50486 52221 9
33599 56933 21
15906 20368 21
24692 54832 3
6456 26411 27
37926 9265 16
26979 21106 29
53842 47152 27
24945 34289 12
28137 32854 5
32164 10998 3
42107 30598 16
7808 11978 12
12619 19150 6
36389 32902 24
17545 45458 21
35278 42782 11
32960 36858 22
10618 14398 31
3310 45836 14
29194 42203 12
16623 43146 5
15480 28121 12
22256 4243 32
45403 34293 10
8098 18756 3
17608 50092 10
8942 46216 23
59747 53930 12
42637 40747 17
25395 24074 7
40280 37886 25
22409 25561 35
40946 59999 2
17986 24360 24
42495 38150 8
58897 23608 15
37988 59833 4
54152 7363 23
21831 50254 27
34715 43675 16
8354 41232 9
24452 14568 10
16016 4089 8
9578 1530 29
57814 6806 10
53717 10028 2
16431 44498 14
10479 22210 38
29117 406 4
15850 42563 12
18522 48775 23
11978 8473 10
36228 56800 9
9287 38984 20
42203 58967 10
8575 33182 5
33740 31567 8
53345 39512 14
50016 10384 12
15920 8130 9
13242 15225 8
29225 34117 16
52853 47816 5
32655 44862 87
28605 20698 86
59330 59181 4
39178 48865 13
40479 8845 35
13143 10829 7
41155 54832 3
45854 49975 21
43714 30375 12
20678 33182 5
5759 15430 21
18660 16225 6
47601 42980 12
40892 10669 13
53764 16431 17
56858 20995 6
7697 10249 14
26411 34531 25
11830 3973 4
39796 54153 6
6209 30323 8
29042 55117 27
1768 6047 5
45095 21623 12
1563 18621 7
22931 25164 12
49254 4858 15
1142 15353 28
28178 7051 24
16658 14056 12
12421 36803 28
23802 31299 5
41917 35714 13
370 34480 30
59961 42563 12
17982 370 36
3477 27546 37
25561 36389 30
54309 37820 9
23726 50765 16
7622 39838 37
34936 24301 12
18352 48211 20
24301 18645 7
55654 51973 11
21520 57846 10
49163 52006 11
25392 2311 10
34935 40280 27
48322 57412 10
28548 22730 23
5254 39981 79
32915 45125 17
45958 44420 6
40127 25527 16
13064 57646 36
39606 3537 12
821 48492 11
55780 50600 4
54492 20698 56
51706 55092 7
13474 43675 14
44973 41907 29
22461 13195 13
34763 42782 11
18652 37025 7
18225 14696 43
15191 17 15
46916 39142 60
5078 37463 9
56465 5922 9
53696 55578 22
28826 44940 25
17558 50242 12
54382 16486 35
23458 10193 5
35642 12424 16
23608 49664 14
42886 16973 16
13305 57636 9
5520 58741 4
11409 42782 13
9908 16588 11
11274 19215 39
35915 12573 4
22889 15423 26
57859 50974 3
10687 48377 14
30872 54029 2
57186 30294 68
6026 48978 14
56132 41907 30
3152 1998 11
49422 50554 18
34347 24623 15
10536 53531 14
54737 48845 19
33949 1222 23
49619 35949 8
15955 55592 23
31220 3579 8
44831 35950 6
55533 51856 8
36344 49664 14
36158 40285 7
6993 49288 8
38572 3878 19
7553 34763 12
38109 11085 8
1348 56379 8
36799 58840 21
16873 34196 15
26344 39327 18
38382 9295 24
56357 28991 7
11166 56242 5
27689 49664 13
6861 44629 14
30445 59330 7
56617 13072 5
31778 46403 25
7463 5105 14
41261 31432 13
17033 4687 18
6462 7918 10
53279 41232 7
3998 51856 4
2702 16225 8
59971 55920 40
29332 55067 18
54666 20539 13
12363 51667 34
16819 30671 32
23222 31299 6
6010 36314 17
23139 46698 7
52883 23280 11
19021 25239 29
55342 20491 7
23951 38734 10
29478 43198 35
46602 38833 23
37220 50762 39
6791 45068 5
51336 617 6
17111 4310 4
34893 3529 20
47008 3619 22
56379 59181 2
52212 15360 15
55022 46403 16
13632 17273 76
48046 4584 7
16570 6275 14
617 59999 1
28276 58743 4
56612 59999 0
38147 59330 7
42188 53967 79
34434 48711 19
36383 17982 62
39419 44289 6
47627 5776 16
45458 29411 20
38903 10675 7
19900 13094 22
39088 24979 15
26102 3608 25
2652 45736 24
54798 3753 24
45367 7434 17
23237 51447 18
5404 37773 14
44508 7365 5
14971 10466 11
15339 55907 26
19325 24074 8
55920 28161 14
58024 43633 22
10537 13010 27
52960 12042 7
13361 41232 10
21603 37820 11
26859 48551 4
57549 49988 8
33125 38997 18
30726 47332 8
48725 59181 2
31170 31420 10
46095 27352 3
56631 43705 13
5703 23961 11
21456 40559 24
55592 44940 18
44362 9973 6
55549 5568 14
19386 10699 33
50159 53429 7
49922 55092 8
37389 24362 4
56162 44248 23
24654 59710 12
9516 38402 30
38190 803 20
53027 26836 24
29527 15926 22
10542 1183 4
11503 1948 8
48967 22931 13
38315 55269 3
28673 42932 14
4658 45117 24
45079 38573 8
55628 26968 5
349 21595 17
16297 28166 8
34117 4858 15
7423 23356 5
35230 5560 21
58959 15551 68
33735 18645 10
58449 26683 3
47593 44385 31
1367 5839 10
25073 31299 5
12551 13332 31
53472 37273 4
53967 31994 76
21559 43108 9
21602 15650 12
47513 3529 20
3502 446 7
15523 36361 11
52457 7179 54
19526 29595 4
22125 39088 30
10699 41907 32
27850 40594 12
14408 57210 7
47539 53027 28
1090 3495 15
367 42782 14
35947 56478 16
28806 3878 20
46655 6232 10
48491 25164 12
14812 15821 19
54536 17940 5
34911 43582 34
12070 42305 4
54897 4160 15
2984 42130 38
45480 41794 15
44041 10640 5
18892 16431 16
26049 14685 18
42182 34987 4
2986 48551 4
11829 16961 11
55900 18002 16
26836 1222 23
51695 56736 50
50854 21175 8
17743 44919 33
54256 45444 10
33413 37820 8
23 23458 9
24998 8211 22
10591 2584 82
21862 19855 29
26522 48906 10
20480 48639 13
38639 37488 24
27528 7369 32
49795 45249 112
52813 10675 9
48347 37785 53
48910 56230 12
6225 10028 1
44501 30241 10
34009 16534 21
54331 27438 4
5265 31299 6
12842 34987 3
35707 27504 34
48711 53217 17
17977 41416 21
49530 5853 24
37396 12424 14
44940 27621 17
7520 22581 34
59425 15281 32
44248 27703 15
13715 6898 33
30458 30795 35
29813 1254 13
56510 803 20
14916 59181 2
31501 33595 11
57091 58112 6
51804 55269 4
10477 25023 14
38916 11180 4
13692 31429 24
8740 19474 18
21773 30598 8
56847 34227 6
14028 7792 19
50949 11636 32
21210 57038 27
22374 56475 17
29811 28216 8
39849 59545 5
47816 59999 0
44365 45092 12
2100 30295 24
6147 2368 26
2365 38833 23
10674 44968 15
11753 25156 14
56965 9336 87
51525 2336 16
42524 39206 14
53359 10902 32
26854 47272 15
7123 30359 18
11019 13203 14
31284 53764 18
49950 34296 8
47079 54832 4
46278 23902 8
18775 5425 9
23667 3477 39
41632 24996 7
48136 24296 18
41213 25268 51
27604 16534 27
58123 9003 5
1960 47871 12
9929 59010 16
12770 16973 19
6898 27114 23
57114 2373 7
2584 12689 36
32256 40057 14
40294 12345 29
52184 38573 8
28449 13291 8
19832 57694 13
40587 406 4
52029 53696 23
34363 15299 5
42672 18775 30
19144 39413 17
29819 37273 3
18553 38734 12
47650 30241 9
50956 23045 11
58616 45527 13
795 35950 4
69 23204 30
20691 34296 9
41626 56475 12
50780 58296 9
8472 19868 6
55067 18086 17
59490 46257 11
18657 33094 15
22392 10037 28
33429 40706 9
17441 37988 8
37606 9945 18
5839 12 7
41991 30741 8
5462 56242 4
40057 48906 8
30375 10635 11
24910 14407 10
7407 17865 41
38331 10699 39
33782 11829 15
25636 18645 9
16697 41433 11
12306 53429 7
20613 37886 21
3300 43198 31
2547 8588 22
26006 45399 24
7524 1079 22
51065 56400 21
42760 1358 24
35494 3060 33
15483 17172 23
29045 19025 13
20872 44434 10
12666 803 20
19332 1526 40
16148 2368 33
11757 44434 10
2915 47763 26
15975 37820 9
58152 13094 20
27482 20087 5
43702 59286 5
40051 53612 15
30150 37926 18
41110 43653 28
39600 24301 11
41270 3950 4
57095 57099 28
17959 15821 13
5274 42940 16
29025 20358 20
50888 48377 14
25667 12042 7
52935 43019 21
13634 6239 22
33932 22549 7
52515 59049 21
47585 39981 34
41907 40436 24
31270 1948 8
894 59307 20
39559 23999 8
25026 10028 5
25921 10437 15
11088 48391 19
6143 10249 3
32617 26107 32
25736 59999 4
53100 4155 18
27504 46921 27
55960 10028 3
52938 26649 26
49305 18374 21
10436 1541 24
36262 54029 3
10968 50600 4
17353 27204 31
5011 22013 25
8690 29285 45
15710 41364 12
56083 56162 26
44899 53472 7
47748 42042 8
16910 56922 12
40713 24393 11
39740 21603 15
25651 37273 6
33982 18225 61
22082 35339 5
34352 43467 7
43421 54641 21
51597 55920 22
59954 36389 29
1254 33289 6
37758 55566 9
18086 34227 14
26268 45092 12
15995 7180 14
41326 10640 5
6005 16793 12
57242 56612 3
15247 5406 17
12525 34565 22
54758 42305 4
32605 9835 24
12410 50974 3
56341 38734 15
2542 49619 11
17223 36492 13
44374 37744 22
48529 12042 7
51623 20010 6
46502 49620 8
24332 56379 5
9706 3878 21
11766 35587 23
31927 12371 23
52504 30741 8
44833 12424 5
55882 43146 5
18866 10178 86
49190 1196 8
20539 41232 11
46462 9835 23
16834 49664 14
55388 10675 7
47045 24293 10
13174 43931 8
34565 22402 20
1952 29595 4
50722 69 37
11864 10374 12
49383 57190 30
18427 23133 10
38691 59833 5
37819 48555 20
58327 12615 13
33760 16225 7
7831 16785 6
32555 27438 5
27560 51217 14
32506 31533 11
14302 15281 22
25239 26107 28
1764 16899 22
46179 30359 24
2235 23591 27
37861 30920 16
39395 22210 36
26091 36047 25
18260 47332 8
3164 32671 21
40929 32702 20
20140 56612 3
59150 41232 9
31558 43467 9
37154 55347 5
35475 10635 11
57059 53648 16
53919 26066 24
26110 41626 13
115 44862 33
51316 8582 22
5690 3878 19
30511 13636 16
38833 58534 21
36890 16193 7
50269 29068 5
3377 35949 6
30042 25156 10
50301 10927 17
48076 59999 1
43572 47002 27
38705 38573 10
41551 19938 15
5363 51825 14
12242 13780 5
49762 55249 9
55602 51618 26
30467 41990 7
30835 3579 10
32268 22072 12
51189 19938 14
48599 26661 13
32615 57700 25
55185 1530 34
38828 22549 7
53648 49832 10
5898 12762 30
13426 37785 47
27526 16819 36
48865 33278 10
54583 58112 7
44683 17605 22
13115 28806 21
57806 3326 40
29034 10384 14
7886 27024 10
32780 39011 30
8448 29405 22
45215 2156 15
40809 52104 33
52873 42203 14
24584 5894 16
52654 20491 5
4251 20559 23
47708 4862 15
25011 55117 14
8442 59539 15
35910 45444 14
4271 31510 11
25066 32892 14
25458 44611 8
57994 50610 23
16936 3458 7
14127 10487 15
41932 16431 20
38203 29068 4
3224 58616 15
32248 8879 4
32307 47629 29
38256 40948 14
55998 33413 11
30778 34788 19
22964 1293 13
6017 52073 27
740 23162 10
39632 48211 20
2098 48576 5
34400 57700 27
4285 32267 8
43559 37642 11
18091 35950 7
29144 4315 39
30654 21106 22
40259 38402 34
52614 57105 13
56869 32854 5
56496 57265 8
32539 23133 7
15996 54832 4
42290 37661 17
51332 15225 7
22036 43625 77
58903 15926 23
16691 24998 25
30362 36229 14
8034 31567 8
56982 16225 9
50624 41776 14
9015 7778 14
33487 54257 32
55424 53472 7
50122 37886 19
31440 6990 4
3703 57134 7
49173 26262 4
13890 37791 13
57982 41364 24
6417 27621 20
51123 22614 27
30747 2373 8
19782 8261 13
48941 2345 46
50028 42948 10
5624 50676 4
8647 57105 12
39134 46874 13
20274 15225 7
36290 15462 32
28132 30241 9
2309 29068 4
13070 26262 7
43245 48576 8
10376 53930 13
6029 55442 27
9295 43633 23
36733 30913 25
22971 13094 24
30773 53496 5
58787 18621 7
32215 12966 14
9029 41833 28
39945 17979 10
13653 48906 9
48825 17977 22
52238 16431 19
52584 41985 29
2308 56475 11
677 19639 11
19506 24362 5
21924 15462 32
14672 69 38
20563 39395 42
2605 4946 7
7884 9149 73
52605 6806 4
29595 59999 0
21821 26262 7
6769 30598 11
43926 8944 14
4789 12085 24
58384 41366 18
49536 26242 21
18942 15436 4
59911 37958 23
18301 4430 12
8430 39405 15
49818 26935 5
4097 6029 33
45024 4133 9
20323 11648 14
47773 55969 14
56254 1351 13
54139 3255 9
23405 8220 19
3107 30671 34
56301 50637 14
3060 56132 31
59524 32942 32
45031 43467 25
58431 53155 33
59740 8089 14
17349 13348 4
51430 14888 12
38509 50600 5
4601 58132 36
56810 7884 74
12110 47332 8
51663 21404 10
59667 30580 27
3364 59200 29
21990 40979 10
2039 7639 38
25312 43653 32
16058 41387 17
49297 27504 38
42754 36072 15
20962 875 4
40689 10193 6
36456 59181 2
39085 9158 26
57414 10285 24
47986 53366 23
44659 27398 10
3100 17982 47
8944 27024 12
12969 34910 21
43995 10078 25
6070 32125 4
39751 8281 30
24623 19089 8
45527 54228 12
9669 36858 22
15267 12525 30
46031 6275 8
32455 25287 15
