1574 26256 36
20770 44164 12
55093 3952 21
37129 8335 11
48802 54634 6
49470 8143 3
47838 19452 58
20334 21340 26
10472 8379 10
35263 3678 4
2843 35973 23
27289 10375 21
12118 24320 18
20765 5168 2
15117 43842 34
21023 48103 9
32154 45196 8
54858 51217 11
9492 59589 10
6462 48465 39
30611 36446 11
27295 56102 19
52098 56837 10
34072 53410 7
49291 15137 35
56371 19786 19
3678 42093 3
58463 6568 8
23918 19257 43
34359 50700 12
14645 54911 6
39040 30735 37
15120 10472 11
2694 59662 27
25099 6235 21
318 39179 10
852 36714 33
14003 26206 43
18184 24711 28
14627 12757 9
54856 51550 14
8443 19591 3
25602 1460 49
42315 21280 20
38099 18567 10
13889 30893 12
23688 12965 55
4874 5043 25
27258 16752 11
35385 52755 9
11209 29976 18
20016 27830 36
11247 35343 24
35262 10595 15
40833 54527 69
55525 54253 5
30984 23673 55
2465 5386 8
54223 31328 10
21242 55729 33
50275 55386 10
17672 9685 46
13558 23716 4
481 36222 36
25081 5257 28
17465 202 7
13634 52348 1
6824 24404 36
12508 6496 20
18988 40128 11
49519 52017 10
45188 5168 1
56015 759 2
18767 53369 43
10396 16985 18
22632 36598 8
53010 17727 15
38016 34089 10
34046 17825 9
18855 28096 34
944 25025 11
1732 31562 10
32287 49424 22
24764 1743 10
8110 59153 8
16985 4034 17
34222 23040 26
40664 19316 25
26997 16636 11
22719 36070 14
35973 29976 20
54041 31508 13
14449 54675 19
49482 53010 24
55281 7658 32
4395 15137 32
20728 9811 21
24801 52017 10
44423 46379 12
18080 15260 28
9308 53295 11
14236 46898 8
18703 2116 11
40548 27138 21
8109 37112 21
34673 32212 2
14327 14645 9
54939 26830 7
21404 55565 11
17536 56399 12
31371 5168 2
24831 48947 45
10618 44457 47
55592 5794 14
40452 46346 9
27475 6245 20
21104 45523 16
56474 2694 28
12507 47180 6
3137 6496 19
49415 21340 27
13225 38042 40
31341 59680 21
53295 54634 6
18969 47018 12
44783 12119 12
52670 18274 31
1743 49559 9
246 29197 9
292 5215 38
8734 1743 10
57159 20544 10
10979 39170 10
2617 31270 12
33237 24417 71
44211 5794 9
25161 58712 5
9097 12346 35
44143 41834 15
33705 30837 28
51462 58712 3
21839 29976 28
58174 59655 15
27858 18469 29
48607 44040 3
37531 4196 31
7792 29976 20
46283 4510 12
30695 23010 10
14262 2277 36
11966 15031 1
58295 45615 16
24869 22632 11
8143 11966 2
50709 43496 12
29671 42192 9
28996 43966 10
56343 31341 27
46361 45196 17
57449 31262 17
20840 17189 2
45954 2858 4
18104 7086 19
35963 27050 9
58795 7108 20
13224 24649 9
25946 22491 27
48283 6496 20
42122 55525 9
41497 27939 44
43496 46828 8
51835 38981 95
56129 24167 36
35356 54527 60
55824 50020 20
28481 18080 30
30237 14032 7
5395 29821 10
22133 5371 22
58797 4909 21
15736 5167 1
22370 37867 36
8051 9014 24
48691 55128 13
21754 27295 23
54092 29411 25
55116 15260 28
17176 23815 9
37275 5710 12
27151 1738 28
3952 52418 20
52874 10305 29
18856 49905 8
44164 39143 11
17920 44100 39
47565 40128 9
29268 6671 8
25283 55565 11
37853 56371 20
38756 22632 13
3727 34949 17
58259 10980 9
30657 10280 42
55372 20710 7
53325 22094 15
30811 4766 3
42192 26959 8
16711 2223 44
2547 56799 5
37709 11974 15
46326 20406 11
47410 58557 23
25767 18678 8
17210 46905 2
54675 19786 18
13515 41005 10
47100 32262 11
58244 48103 8
28873 4014 10
18616 86 25
37148 58244 10
23412 54328 8
57329 6824 43
45605 8864 10
58557 43594 11
24962 5167 2
7524 2740 35
21698 47951 17
22314 50303 14
52436 5168 1
49758 49470 4
18195 33796 3
50531 25389 10
52376 31328 9
24452 23212 8
57285 9521 8
7005 33409 11
53299 59999 2
2999 46715 10
47620 34359 19
42800 53299 5
10030 12574 16
1679 34355 9
26430 25441 3
41794 51257 16
24766 39661 27
47018 52805 11
39248 54223 11
18678 51384 5
40656 18678 9
3533 13829 29
53568 23976 8
180 40600 36
4913 6308 14
22057 31784 10
29197 10815 8
16602 49424 26
52667 24711 17
32492 55089 6
38220 4588 20
1515 25040 37
11733 55625 12
22628 2668 11
31246 52706 42
24023 39010 10
7101 48603 7
3304 3553 64
14576 51226 10
25193 13634 4
50264 49941 13
10672 17772 14
43651 49992 14
28488 5710 12
58466 3881 20
16768 26256 39
53726 38201 12
44758 45326 26
54218 25389 10
17468 41928 22
34729 51073 3
45193 27295 20
9633 15989 10
5309 32212 2
46702 39136 29
31270 48150 11
6568 24962 5
39010 18563 9
400 59668 12
27934 49573 30
2323 49628 25
57583 49559 9
31231 25003 18
50505 50288 12
31508 30811 4
26380 32771 17
45564 29976 29
44365 53762 8
38759 26733 4
51217 44644 9
21770 58463 9
8714 55913 10
24761 35973 23
56161 57285 9
48947 9685 44
40990 14955 18
10445 29636 10
20719 7452 14
15390 52376 10
23848 55625 13
25919 22628 13
32474 53010 23
49559 15989 8
56829 38014 6
49169 4591 10
51082 54634 6
44824 36594 8
21418 4271 31
46439 39732 103
46071 9107 42
11028 56702 60
9604 31874 27
57461 6150 23
3012 51588 9
35343 33121 23
50755 29930 10
5257 51825 27
28200 4014 10
6245 53871 19
46491 20413 12
4024 50141 61
4594 3069 20
776 53762 13
15803 12508 21
44813 26112 9
24510 6568 6
42133 34355 9
54033 48947 60
26950 51588 9
20544 16954 9
34279 3137 20
31721 34591 39
24127 49992 30
25592 13031 46
14988 14421 24
21797 22483 22
36527 1268 12
9178 448 38
58003 55639 8
11658 26679 9
37836 9492 13
43464 610 17
543 25389 9
45660 7155 26
48997 5167 8
24663 11016 12
48721 2858 4
24672 47172 14
5263 29023 6
3997 3432 156
27336 48150 11
40350 24510 7
22943 36328 39
11545 55128 14
16855 48150 11
13654 410 18
10624 2740 45
54174 16430 50
19674 38099 11
26056 36598 9
49419 33305 13
35822 22554 28
13646 43362 9
17727 58553 13
52164 56318 13
51053 6496 24
33348 23940 14
29105 10359 49
27303 12236 31
49880 45523 8
48332 37441 37
12132 15662 15
5787 48849 20
52410 25140 2
23788 5357 9
44005 42760 41
21566 38099 11
22739 34729 9
28764 48982 40
58553 52805 12
23716 20765 3
499 14032 7
4328 25283 13
10425 39105 9
40887 9811 20
26964 36545 10
12968 35633 21
44106 25775 10
8052 202 16
39661 26463 26
42103 5596 14
42324 50592 13
56006 12979 8
46840 21280 6
52017 40128 9
56293 46963 18
18440 11016 11
31329 51217 13
8036 373 43
13329 51538 5
8824 47565 12
43016 51217 12
6442 46905 2
25458 15104 15
19302 48321 16
4723 36368 3
50119 20748 31
26837 14629 10
57635 39729 45
38515 27475 21
498 8108 12
45537 27821 53
32462 33043 18
51513 53019 3
19503 45463 6
46715 8347 8
19360 24609 12
8042 6168 8
34475 3137 20
15566 31328 9
415 24609 9
36882 30610 24
49899 7458 3
46876 38910 30
32178 45463 6
21457 56102 22
31845 6540 20
7463 5386 8
37276 59999 0
41734 8460 41
48455 10669 28
6739 55625 10
18318 22096 12
29509 46601 9
36264 27783 86
42607 19301 19
46778 56236 95
40146 17189 2
21856 18469 27
11721 9012 5
15927 27934 33
53838 33812 29
55639 29023 7
23500 44626 11
15570 19302 27
10375 2081 15
24457 41637 36
44182 53299 4
49338 4014 10
984 13286 20
39959 55128 11
15658 27939 46
12039 20517 9
21363 36527 15
17189 5168 1
51488 3552 11
46387 25373 33
31838 27475 21
31939 11963 4
42476 6496 19
38905 18567 12
44001 30436 7
33305 44309 12
3366 42490 11
49036 41642 38
4789 42391 15
57120 51245 7
4276 16954 10
9849 34500 29
7643 27391 12
11637 57839 43
23678 19674 12
28352 4502 10
58140 40339 57
26937 43333 8
16745 37276 9
40339 33195 43
33621 23498 12
15281 30154 48
32581 59628 3
40683 45695 13
57438 18678 7
25703 51073 2
25389 24649 8
17877 32902 29
11741 17813 2
16185 22483 22
59823 58943 11
30890 42690 9
14990 7658 39
16702 38588 8
36746 2638 13
28067 53848 34
49142 39941 78
27311 52348 4
55729 51053 28
21317 33796 3
4633 15300 8
6540 4588 19
13173 18421 11
50490 19786 19
46520 37294 25
17970 24766 30
2858 44040 3
50896 57939 12
2434 55018 13
16644 40452 16
4184 56236 63
33635 46905 3
23449 36699 9
39729 2740 35
40504 36545 10
1591 53101 39
20748 3137 20
9484 7108 9
52348 59999 0
21829 36366 26
49038 36558 45
50576 17970 32
34089 58463 9
42922 52098 12
16250 10815 7
45985 52436 3
21872 5984 20
17785 1875 37
17900 51217 12
49589 52348 1
26959 45014 6
12994 52348 3
23069 6235 21
20059 14758 24
53019 51073 2
20110 50624 12
14786 41195 11
30793 45146 31
35633 39086 20
54656 24672 15
42400 42136 39
11188 44106 13
16565 10815 7
3105 40695 12
22102 51082 7
17474 51522 21
21105 45188 2
25251 5417 23
3252 4196 31
58686 58553 14
12472 40518 54
48603 18195 6
7093 3438 3
43476 8143 3
16300 47100 17
42920 41637 28
13756 34803 29
28810 56809 4
44660 44774 8
49700 16954 10
35183 3952 21
41484 8042 10
59813 50782 10
6496 54309 18
26830 15031 2
15994 30204 8
55449 34056 20
28888 1695 21
46898 51245 7
6026 42310 14
3193 7093 4
33812 18469 28
52917 20332 26
58868 34279 22
24609 31371 4
2410 18362 68
31102 9358 35
22092 50355 8
9037 32154 18
14564 54825 21
36849 49589 2
57183 52017 10
40399 24023 12
33826 15989 9
10368 54218 13
12575 6245 20
52394 31198 48
32382 20888 48
28487 14760 16
27483 6168 8
14421 3137 20
3563 37355 4
48880 3438 3
41656 20406 10
12559 53410 8
31673 48283 23
35057 18767 44
44014 42310 13
7156 52348 2
26442 7486 17
47013 40350 10
1280 38532 37
21977 40296 46
33799 52348 6
32212 5167 1
21194 14645 29
37046 31328 10
48941 58244 12
49831 33621 13
13775 35183 22
57221 20338 21
13439 44774 8
15154 24127 33
43463 36264 94
21141 52805 11
58786 49992 18
4510 25775 10
51816 51825 30
54067 33478 16
12141 52846 50
43576 7658 37
2749 14402 20
23430 48510 11
35670 49589 3
4412 11016 12
13647 5765 8
53024 57945 23
45675 28896 74
4543 415 13
50624 34584 11
46254 24655 12
4540 43000 49
51588 34729 8
35474 42103 16
47825 59809 7
46237 48224 2
15031 59999 0
6666 45014 6
3713 19160 21
17545 7452 14
32771 31262 16
47421 38756 16
3414 38153 36
47957 20765 3
37294 22483 17
5736 39446 13
2065 14032 12
2160 15031 2
55625 29821 9
39071 42760 45
8983 39941 36
47774 21105 3
16272 46254 17
42018 46064 9
53432 37462 6
24860 46898 8
23040 21872 23
13223 25618 17
11141 15040 25
51059 21004 13
24044 44815 35
10242 42377 20
6755 11966 2
13270 25389 9
29930 45954 5
8063 17831 15
33514 31328 12
47951 42391 14
11963 17189 3
22789 3952 21
45258 5787 28
53209 48017 22
18430 46903 8
35884 52944 14
41827 38232 108
30778 30735 32
23155 30735 36
46573 54527 58
6150 35633 21
31034 41188 18
205 25592 47
2384 36527 17
27834 7155 21
25441 15031 2
11122 31341 28
36024 56103 7
30893 18567 10
34379 28871 7
38532 30154 36
21795 19569 39
19257 10790 41
57943 9096 8
38201 42133 10
20338 29976 17
13416 3774 9
30787 3952 21
33297 26997 12
10167 24609 15
14280 56837 11
5518 40695 12
14866 17970 32
32916 23155 47
27405 24167 36
21426 58463 12
39773 18678 6
18567 26237 9
30502 30321 24
21381 10862 21
54634 51384 5
27763 37530 22
28817 2975 39
10692 15031 2
25923 31465 7
2939 15736 3
45495 49559 9
52821 4909 21
54606 21754 27
14076 55812 9
44718 17465 9
26277 44824 10
10310 28 12
4359 24655 10
32862 33305 13
3905 57940 21
26331 38532 38
34056 50020 19
52602 55375 3
4012 20536 7
29241 25441 3
59668 32758 11
53825 51053 40
43572 33952 26
44661 7155 31
446 51670 3
3432 34794 116
3950 38220 22
4909 52418 20
13633 3044 12
9107 30540 38
5795 202 7
56203 41637 36
7584 17813 2
34822 28499 70
51848 21754 25
15513 55525 6
16999 7953 10
410 16846 16
47180 13719 5
41775 20840 6
52472 36395 12
14758 29976 21
58955 34072 10
56588 11141 35
9836 43816 21
19546 19301 14
22834 26144 21
3552 47774 6
31626 42760 43
46675 39661 27
52696 51825 26
28578 38843 19
1949 17217 66
2921 28391 22
4828 11410 9
28038 20019 15
7624 56427 11
45648 53299 3
22630 31465 7
8451 41637 25
51192 34822 71
54346 42093 3
45175 24417 68
38581 49338 12
1567 14984 11
52805 32154 10
56276 27295 23
7486 52805 11
27325 40128 10
58874 4276 12
1182 6540 22
58519 25081 30
57197 26463 27
27302 50020 20
54868 53299 3
48762 52696 31
23179 52436 4
18384 41637 33
1924 1738 25
34691 41637 42
23633 35993 14
44100 43576 38
39651 5417 26
32559 42756 16
3481 40080 15
11605 56702 52
43317 20016 46
4672 32178 7
11410 21280 7
19316 43165 16
52255 55625 12
1268 55565 11
29636 36196 7
14026 56292 17
4502 27050 9
27852 58650 41
24194 25171 60
58712 15031 2
18858 13109 14
15061 53209 42
45378 35973 21
55913 11410 8
19491 16846 13
18687 8824 13
50868 16954 14
26112 53410 8
8726 6540 20
48017 15573 19
16564 16126 22
56427 15736 3
56414 5257 28
5429 15031 1
31436 20748 21
36552 59589 10
30474 17189 5
51226 47923 9
23323 35670 4
50303 39143 11
24624 20770 14
25546 25735 10
54889 25389 9
30814 31935 37
16784 20748 22
15175 55372 9
40629 23678 16
11976 37410 19
32915 53568 9
40196 14734 114
4137 22102 8
10595 45188 2
5735 30321 28
7318 1924 26
30883 39048 40
52166 31465 7
34067 11741 11
4686 12574 15
23675 20765 3
16222 59589 10
30204 45014 6
5715 22872 10
20517 14032 6
53720 9358 18
11573 23212 8
43781 59589 9
41008 28607 46
58976 26997 14
47082 31054 17
2223 39661 28
31866 49245 9
41253 33752 70
54 30154 44
42391 42310 13
30242 2668 11
40021 6276 8
16846 47018 12
6507 9604 29
55018 32178 11
58081 53418 37
51522 53871 19
7182 11209 20
36196 12663 6
23397 9097 39
9811 54309 19
36594 6168 7
38159 12663 6
12380 1813 11
19301 12907 13
38042 46491 34
48563 34046 25
59066 48849 31
56809 37276 3
35133 11741 3
58071 6756 30
17578 36552 11
28871 10815 6
9964 20110 17
1409 33195 39
59853 52376 10
48431 15736 3
10269 18469 28
36714 6245 20
28021 16250 8
59358 47565 10
25182 49142 84
34949 8335 13
299 2547 12
25618 33297 13
23459 56446 3
13839 41498 9
31874 40128 9
42403 24320 16
47272 28352 12
36358 47957 5
249 984 21
27737 48283 21
22925 14176 12
46525 52205 30
23976 3928 7
10983 36923 3
17784 20919 24
53848 59805 31
52977 249 34
5794 3928 7
10463 22417 35
33823 8110 21
40297 58174 17
31296 24672 15
20732 55729 35
41220 38397 8
32366 35963 13
58650 48665 36
32807 55033 13
56292 8335 16
14631 24672 15
53812 33606 9
40049 42813 21
38014 21763 5
51800 27834 25
26005 30057 9
6276 17813 4
51281 56920 27
8458 8824 17
24314 13741 21
56029 28352 12
22295 44607 20
42093 51073 2
40674 48002 12
7668 50275 11
25642 48107 10
36694 14734 92
25025 1642 10
48637 33297 18
44309 31328 9
13741 10375 18
3554 16202 10
17433 36552 11
22196 21141 26
41498 34729 8
16954 19394 2
42134 24383 15
39866 18969 13
31328 15989 8
15818 30474 10
22779 44211 10
12979 53295 7
53149 21023 11
48688 1062 12
15579 42477 15
3620 9939 2
27991 7463 10
58476 53395 15
37867 7548 32
58034 45945 42
3832 35670 4
24122 36961 44
20640 27325 12
20165 292 44
26083 5868 8
44626 19394 3
37541 14575 10
1190 24649 9
49992 24655 10
43696 12968 23
35629 20710 7
13836 55476 32
12503 19786 20
21524 23459 6
19974 51245 7
47420 6308 14
28447 22405 25
17786 9521 9
42235 21023 14
26605 3825 11
45934 35560 11
46601 34072 8
2433 3012 10
13929 31874 27
202 51384 6
10091 20569 14
2961 54722 17
58573 19565 9
41465 20710 6
39136 52696 27
8933 28800 4
34355 16250 8
55293 31845 22
31894 27475 21
12965 34056 22
14741 46601 12
56236 28607 56
51538 37276 3
51003 45433 10
38147 30474 9
14660 3333 22
57085 15390 13
13548 20710 11
36848 1046 39
52170 58868 24
25201 21141 12
31792 20334 43
15377 45146 44
2613 2668 12
12383 51257 16
54052 47057 30
54722 38099 11
35485 29976 20
2638 57939 12
48224 24839 1
24091 39947 28
14131 7584 10
29757 5429 4
37441 18924 35
39859 14449 20
23701 44824 10
44688 22052 16
3553 14003 44
39633 31311 56
55033 52166 11
44470 49139 17
20003 7974 22
37421 58244 11
6253 28273 21
53758 22630 13
42377 55349 17
41907 12346 35
27583 4723 4
9316 8379 10
49941 47100 12
20799 22628 12
15248 10269 29
20319 38058 9
52243 15566 10
22534 35884 19
45719 8294 4
7049 25283 13
42462 5405 47
6671 26733 2
34214 35463 10
27391 20517 8
49885 48645 19
5167 59999 0
4766 51073 2
33043 47100 17
8330 40146 3
610 36527 13
1285 34691 47
18054 16954 11
36510 49338 11
10704 499 9
52828 10986 19
17233 11557 3
39947 22554 24
2277 52205 29
20102 49038 48
2783 54331 35
28273 53871 19
34421 5405 42
26785 39085 8
45433 44644 9
34553 54675 19
8414 52466 28
36328 20888 37
53425 58140 59
40789 13839 11
23030 35343 75
26144 48645 18
39872 50045 21
39505 22630 17
55302 3822 12
54615 37616 15
46965 12575 21
22094 13173 12
46963 26083 17
34642 26733 2
24550 9849 30
18974 16438 35
52205 56343 28
22227 25283 13
28617 6150 25
24341 3463 11
35800 8335 8
9857 52667 18
32070 27713 22
3611 32178 7
52590 41133 24
46912 3137 20
12523 59358 11
28046 7182 24
7540 15736 3
7051 29761 15
16210 47565 11
36774 49291 48
2988 53209 27
48665 55729 34
39284 18988 13
40230 8335 13
47229 5309 3
49249 12575 22
1875 5043 30
44040 15736 2
4463 38473 12
43377 45071 27
10018 8143 7
38660 26629 24
55600 42690 9
20406 14629 8
4014 49559 9
39170 35784 9
1460 58650 42
18794 34822 73
20807 9355 7
32099 29757 22
21158 10815 5
22230 38767 17
6164 48111 35
24114 28499 70
16430 44223 42
39830 2988 28
27952 55089 8
28028 4725 14
19425 48352 11
27783 35544 84
56973 46279 6
56302 51217 11
49766 33752 44
40080 56103 8
22098 35463 8
6003 54889 10
39815 13109 14
18409 1813 12
20888 30735 32
45326 27295 23
57869 15104 15
31262 12907 12
46611 2433 11
41637 53712 16
39822 59509 5
12042 24457 40
56713 8143 3
40296 49766 45
10062 57183 11
40128 2160 3
49245 36594 8
30923 36196 7
39302 39010 10
7697 56688 87
52456 11648 10
8460 55824 21
12563 34816 43
58270 8042 10
31951 9358 23
45385 6496 20
20696 24801 15
2995 21640 27
18402 56484 18
32696 6245 28
4837 4766 3
48305 53343 14
11016 31874 10
23588 15573 17
86 21457 23
23960 57940 21
4591 31976 6
23212 5263 7
15335 18988 12
52853 27852 42
5195 5043 43
48652 48283 24
50654 40887 21
52944 26950 13
59532 11872 10
22332 37468 11
41016 7953 11
12593 18567 12
35726 46064 8
1683 7108 12
7015 22719 17
20710 3832 5
16060 36558 30
28576 39143 11
43106 21023 11
20474 13033 11
9527 56414 33
17957 2391 9
19708 31439 14
9860 46912 21
49745 49559 10
42045 24314 25
26629 56102 20
22990 50782 10
56586 46449 5
53410 30474 6
31588 21105 3
52142 52805 12
8850 32982 16
7081 39773 7
39085 21158 6
5335 26112 10
22478 27405 37
33121 39086 22
52466 45660 27
10739 21418 34
156 31262 14
46346 1846 8
9901 33195 51
20450 4510 12
31648 46071 43
29382 52017 11
49670 48982 40
32211 31198 46
55460 26997 12
50807 16498 11
30879 5429 2
35745 2740 37
54331 55281 33
44779 44182 15
15270 21023 10
59992 7584 3
34794 24114 76
24201 26182 21
36628 26079 63
37181 41637 26
45427 44644 19
51073 5168 1
35507 13416 77
2796 53010 17
32758 21023 10
54328 29583 7
1738 984 24
19611 45326 29
49628 58174 18
52706 48111 36
26773 52896 15
53762 15031 1
6308 12907 12
1642 59589 9
27120 13829 21
51786 4271 35
55191 5500 3
52674 39941 36
51670 13634 2
43519 31439 16
17564 6496 19
22622 292 45
15159 984 21
41682 35657 32
21340 9857 23
9096 27711 7
57595 27302 21
45695 48103 9
49510 58712 3
5789 48849 24
13296 50505 24
5229 5405 41
7974 3137 20
12070 31054 16
9538 11966 3
32950 39086 21
24979 15137 36
36395 38099 11
13704 12575 21
16497 18567 12
56948 108 14
34513 38099 11
44092 4395 35
52202 34772 8
44196 13348 11
19633 21457 23
21111 40225 36
31562 24609 8
45151 35633 22
3622 26837 11
2391 45014 6
55375 5168 1
6800 12508 26
40304 44815 38
52549 42018 17
23673 52846 53
25502 18195 4
6876 55033 13
26206 36848 40
59856 13596 20
52635 31371 3
39728 44182 11
5710 40128 9
1062 43781 10
31619 19360 13
19394 15031 1
5417 9358 22
40544 36395 12
11003 17189 7
12881 47565 10
24495 42315 24
57593 46573 77
53101 37441 38
23982 48103 9
40847 6150 28
27707 2858 4
20688 51384 6
54967 43476 4
19892 29930 6
37835 22309 23
22371 46840 10
22417 41322 30
1532 1846 11
50655 33752 42
20058 19546 16
48204 18988 12
55475 6568 9
9014 5417 23
50782 49559 9
55807 11974 13
39581 15658 53
44644 1846 7
42477 7452 13
35408 32474 29
29686 3137 20
1010 50624 14
47793 27325 12
4118 18668 21
11512 23397 50
21600 18421 12
1846 45014 6
46348 54825 21
51428 26056 11
2701 12523 12
14410 18924 36
29345 42229 16
46684 17926 51
3926 43781 10
24714 3137 24
40919 16565 8
42756 31508 5
16506 5984 21
33195 21158 6
5698 481 38
1813 40128 10
55006 1732 14
29415 48111 35
10600 48017 27
49528 51928 10
1212 48607 5
37616 56427 13
24711 13173 12
34437 8286 23
42310 18856 12
45097 8109 24
23615 21404 16
58611 14927 12
23007 25140 2
22454 31198 48
23815 26959 7
25565 10862 25
44072 26830 3
43145 32225 36
27233 1738 30
44462 58943 9
3126 6263 24
13348 49559 9
24933 30695 17
25955 10979 19
13743 29679 25
21004 58561 8
8294 52436 3
34239 8082 66
20286 22343 12
28187 48111 33
899 4725 16
14734 24114 79
37135 15573 21
30171 52098 11
58582 41637 34
3069 20719 15
5264 24655 10
41903 35657 41
31015 28576 13
37740 37462 11
55724 43496 10
7277 45605 11
35218 19708 15
43842 21839 29
5928 48224 2
42928 31371 8
48549 12236 40
16126 52348 5
25476 8218 64
4339 27711 6
19143 51082 8
9630 34822 71
30321 7155 22
25930 42082 19
52209 24609 9
14032 45463 5
41114 56391 49
28 4510 11
20690 23114 10
53861 21566 12
1177 26201 90
41144 18678 6
25128 39010 10
37872 45685 27
1468 1813 11
885 31328 10
52889 16702 11
24401 1288 31
20898 27295 24
49466 53447 22
55416 46601 10
43088 33796 4
54253 37276 2
52382 37201 15
5411 45463 6
28823 27138 21
24655 27050 9
48190 33195 37
38475 10692 24
31772 34089 10
32535 41637 26
27821 10374 46
35544 24053 82
6965 19905 15
13635 40191 8
20504 46279 4
15822 49700 11
31074 19503 7
45868 32915 10
53418 12346 36
57518 27711 6
45945 5405 39
37416 29382 12
23010 29821 9
13722 53762 3
14095 51082 8
21445 25081 30
20986 1393 17
54093 41005 8
31460 47666 28
7952 14786 12
54214 2081 19
7549 44106 12
41760 44442 12
18519 24457 39
56247 42760 43
26733 37276 1
40362 30879 3
10693 46237 3
22052 55375 2
46905 37276 1
21313 56103 7
32159 56236 95
21437 56236 84
49538 13633 15
56702 31311 46
5984 56102 19
27749 27303 33
39179 27050 9
55792 18678 6
22836 984 24
52593 48002 3
759 59999 1
42839 31935 30
15260 42476 21
46783 12968 27
2390 55190 11
22584 29679 30
29884 42272 36
34500 5257 28
9826 6829 11
3881 23588 19
58418 41465 7
39941 44815 35
56484 53325 17
4196 48637 19
730 3832 8
14629 19503 7
52755 6666 7
4677 35670 9
29924 55475 18
17903 21236 22
58474 31054 23
50394 23212 8
40888 56414 29
53465 44182 11
38547 44758 27
25140 52348 1
15665 34279 24
42246 5787 29
72 15989 9
18092 12508 21
30606 31434 39
26801 29411 20
49072 45463 6
53246 55375 6
25743 10693 9
7548 51825 31
17813 59999 1
4271 21856 28
5168 59999 0
40692 39959 12
36646 8101 22
54527 56236 57
13666 53019 5
10980 44644 8
53712 33796 13
4034 25201 13
34012 35963 11
48465 37181 38
1294 52436 2
58094 17831 14
52983 1063 31
16636 46601 9
32543 52348 2
43196 41928 29
25040 52696 27
59589 24649 8
49792 548 16
45615 2433 11
37037 47420 16
11648 29821 9
57337 46611 19
20569 51557 12
59752 35657 35
12346 4395 33
15150 12757 8
48183 42607 20
57854 12575 21
59490 15150 10
41107 1738 26
48982 20888 36
46903 51245 7
35706 49745 11
37410 16779 12
2541 5787 28
21443 1924 33
21844 43567 11
43775 40695 13
51550 35963 10
40663 40047 37
25171 53369 49
6168 6568 6
24231 26959 9
45843 26733 2
15459 22312 12
56524 17903 23
27138 17564 20
22208 29509 10
18071 6245 20
17186 45695 11
17829 15104 14
9068 43106 12
54195 37441 36
41865 9633 11
54603 56236 79
18117 58712 3
46279 5167 2
45685 11209 20
14168 6568 10
41322 18469 29
14176 37293 7
16202 40350 9
10103 31874 11
5371 53871 21
11263 36961 6
21022 35963 13
17890 51540 7
27526 15736 3
17249 26056 10
49905 54911 7
10132 18668 19
12757 17189 7
2116 39452 10
31399 27483 10
38843 29342 17
9463 41185 18
36961 53019 3
32002 46560 6
7658 48111 30
14402 4012 11
54666 25389 10
51931 10280 31
10207 12508 26
35006 54093 10
30185 49899 6
31311 12965 40
29583 54634 6
26092 47565 11
27808 28499 69
47776 23459 5
10862 6496 20
54763 14327 10
2711 16954 13
22250 8347 9
31367 52436 3
54989 17885 48
12836 46856 16
21344 39505 22
38058 57120 8
22558 57120 8
23099 695 40
13794 26997 13
26350 17456 13
10444 28499 70
3566 9096 8
21206 543 10
36285 20898 25
56103 55089 6
73 17176 10
28390 51384 5
16135 22558 11
8101 27475 21
42090 6253 22
17953 3552 8
18662 51522 22
6263 9836 22
3825 27339 10
29812 1738 25
13366 18469 30
44054 1924 30
18362 41907 37
39086 56102 19
15058 30992 35
21762 10815 6
18421 34046 10
43966 49559 9
57203 41775 9
8459 35973 25
4667 11872 9
52905 7108 10
55021 3611 8
37757 39085 7
3774 9012 3
59662 27183 24
38045 48290 8
31119 3137 22
5500 5168 1
8506 6026 15
30436 24839 1
8218 40296 46
10815 49589 2
24572 108 17
24839 59999 0
10689 46237 11
59809 10983 4
32223 27183 24
22312 52436 3
10065 42310 14
59680 6496 19
5091 21099 35
30028 32902 27
14956 50045 21
24769 52348 2
7458 5167 1
36587 32154 14
11641 21004 11
55406 12965 39
15661 36012 19
25354 42377 23
8602 25081 30
7393 24452 10
56820 3832 8
19905 44824 10
22309 40887 21
32452 37462 8
50122 27258 12
40695 47565 11
52901 25592 55
2662 8824 13
53987 42272 35
56556 31935 34
4121 45385 21
48321 16846 13
5256 21566 12
59361 5868 14
10747 52696 28
33302 13634 2
54333 16589 13
13707 21313 9
4609 49559 10
25205 55033 16
37355 52436 2
9355 11557 3
39387 373 43
46501 6739 11
46437 22312 8
43937 29636 8
56008 48907 21
49573 26801 21
55052 54328 8
46554 31976 20
19617 33260 13
8925 52376 10
51257 24624 15
39283 25283 12
6511 59844 63
34772 52410 7
8776 12508 21
37112 48721 15
16428 56973 10
51278 59628 3
51897 35963 10
48150 48103 9
39326 4588 19
25382 33790 10
12883 4874 35
37149 19786 18
25904 30540 45
33798 14327 10
46689 6168 7
7086 22483 14
43979 54939 9
22096 13348 11
51384 49589 2
48303 6829 12
30585 35657 36
54309 24523 15
22689 35657 41
22992 28096 16
8379 15989 9
58579 52853 47
18668 48103 10
28836 48455 43
40191 55525 6
51825 47134 19
49002 29067 12
6020 39170 10
22178 48510 11
37247 36545 10
10528 28096 21
43556 27050 9
48103 24609 7
37573 27711 6
21526 8143 3
26201 5091 36
41834 29761 13
52478 47793 17
44291 37462 8
28199 30606 47
8108 2668 10
6132 46254 17
18692 30242 13
31890 23815 11
50700 25775 11
56837 35800 9
33606 45263 8
13412 14645 22
53607 47565 11
4552 3952 21
18369 54 50
58301 48645 28
14697 56236 83
36368 37276 1
45407 47565 12
52846 21977 49
11808 29757 16
42700 58094 16
23972 14895 26
45710 47082 50
17905 19546 23
10880 25389 9
59786 30610 25
34584 5710 10
32982 19301 14
36446 41005 9
16648 36070 12
30735 7658 31
21852 29197 10
34439 2858 4
1926 28352 13
17588 59589 10
1751 50141 61
868 29671 11
44080 53374 51
17885 2223 38
16732 26207 41
35560 42875 3
26248 52410 3
20519 5715 11
53871 54309 18
15104 29761 13
9905 17545 17
27050 48103 8
46828 45014 7
32923 33478 14
548 32212 2
38981 39732 58
40107 20732 76
41385 31371 8
16779 30893 11
56252 59358 11
48849 32310 19
12236 27151 30
49424 24042 21
45071 18134 26
56318 73 12
18134 27295 23
9781 48880 8
53559 56103 7
55833 53246 9
13596 20019 15
9223 39866 15
29821 6666 7
17573 1705 15
41976 52164 16
59265 32212 2
56578 37276 1
59927 56837 10
45065 16702 28
29976 1695 14
16498 45695 10
15646 29067 19
31439 20110 13
26256 21242 34
17362 2858 8
38564 52410 7
9939 59999 0
12962 481 37
39458 24609 11
50958 9096 8
33478 7155 13
6225 55612 3
34886 44607 21
8295 54889 10
12322 34642 3
26668 18678 6
5043 24711 23
55386 31328 9
22537 24404 43
36799 45605 11
5357 13719 7
55544 5429 2
1347 51538 6
42297 45378 23
25908 20710 6
6793 265 7
5964 31939 18
45014 10815 5
12907 16636 11
42580 21280 21
3235 42800 6
46064 24510 7
20453 56203 37
36545 20406 9
31070 48465 44
52390 34089 12
32141 1813 13
21763 23716 4
46757 29884 37
40600 17903 23
1315 21640 24
30540 48665 36
18731 3416 12
53395 48204 14
35962 6243 8
41258 7486 13
56573 29686 21
11557 37276 1
28896 29623 73
27920 35485 23
51999 4725 15
5215 6756 36
53860 23678 19
16873 28996 11
28800 17189 2
54008 1303 13
35217 50020 20
25735 30092 9
13874 50264 15
38579 24452 10
13829 34056 20
12669 28871 9
1303 34031 12
54807 52376 10
10562 51053 33
48040 5429 2
28391 13109 14
42810 1846 8
19786 31054 17
42989 10739 148
15982 44211 10
28192 33826 10
27830 51053 31
51358 55525 7
41928 53871 20
19813 34355 9
43165 33478 15
33832 25441 3
13031 54195 43
29342 108 13
32225 28187 35
10280 6150 24
16736 55600 10
14927 6568 8
36540 13634 3
44323 16711 47
49706 54253 9
9668 49291 43
20213 26964 14
17831 33297 13
34591 57066 32
58942 8379 10
46449 56015 3
57396 11966 4
30154 12346 35
23075 37541 11
48002 52348 1
5797 17536 13
29691 45263 7
25591 1732 13
19565 53299 4
5594 37468 13
16131 53762 3
8816 29411 22
28528 45014 6
32973 59999 3
57940 11209 20
41892 8443 8
31784 54093 9
28139 15736 2
9358 38502 17
7528 7974 21
30905 8063 19
35211 17772 15
27816 39947 25
312 32771 17
44738 56326 21
51390 19974 8
2668 26237 9
33245 25373 47
47449 499 8
49739 52209 12
27899 58378 17
216 39284 20
12058 12669 10
12574 56029 13
39699 7081 14
53 23212 9
58378 8335 14
14947 11741 4
9116 53295 9
48645 156 16
33999 2988 33
5386 28871 7
41445 49880 11
50954 30474 8
51557 24839 9
40224 24672 15
34297 6245 20
26567 18794 78
23676 24523 22
56181 15573 31
38588 30204 7
45287 20765 3
34525 25735 10
36222 42272 35
37253 58797 23
50141 17672 47
25234 54547 21
30610 27475 21
42136 24167 35
6649 58579 48
56326 1695 20
25268 15031 2
57637 3952 21
50124 49559 11
15300 56799 5
19031 20406 10
43750 39010 10
29645 25081 31
6502 25618 14
34478 42477 14
30092 15989 8
10247 16430 44
15435 43350 11
29411 56102 19
30571 20058 20
53163 5229 44
7953 14645 8
6184 58535 21
26262 35485 24
1695 29268 13
18131 48907 19
5619 56103 7
2150 35343 26
49855 24510 7
16930 53299 4
18345 24042 26
45152 5794 8
56064 32916 63
15989 24609 7
49139 31356 13
550 46898 8
23940 52209 10
35432 31102 36
54489 39941 36
33994 53410 10
17217 20732 45
22483 47018 12
27711 51384 5
16167 4395 35
13109 29761 13
56133 20332 29
22968 37573 9
6773 25908 8
3504 32602 84
26679 4339 7
20839 48107 7
21778 34794 81
11479 51192 78
45463 32212 3
36390 16250 9
56717 18565 28
29761 26083 12
48107 56015 3
59906 35006 13
48055 7155 24
50288 8825 11
36070 4510 11
52841 24457 38
6259 40639 17
16438 47018 14
22200 4121 23
6785 38014 6
8825 2668 10
31725 52696 31
7337 19491 20
25426 55525 8
11009 22990 11
5990 3928 8
47666 48849 21
59999 59999 -1
18505 3254 18
24586 11986 18
46098 51899 3
20587 55565 12
18621 2975 46
46349 33796 17
39105 15989 8
5868 52410 7
34830 50288 13
12869 37573 7
49914 6756 32
52896 50592 14
12119 22343 11
18445 44661 42
29218 13558 25
27276 44700 29
43185 38099 13
54511 11658 11
19945 17813 2
2307 54634 7
51928 35784 9
1905 44143 16
25459 57461 24
34364 45564 34
29901 48332 43
31038 3553 55
59628 52348 1
38039 36598 9
39245 29671 10
10128 56015 6
19948 8933 7
355 34056 21
2655 51053 41
281 46591 7
29621 24044 38
4541 25746 3
17180 21566 12
25012 10862 21
5123 54634 6
50312 5167 9
11707 5090 12
20343 18567 11
9521 24839 7
42229 6568 10
38232 35544 91
56099 25003 17
31935 51825 28
29183 499 9
38308 3825 11
58399 10624 49
43567 9096 8
29623 3069 21
24167 7658 34
33948 38058 10
38056 5667 55
6345 55882 50
16752 15989 9
14895 15573 21
44223 36328 38
3460 5167 3
1705 52142 13
23498 52166 11
23618 7584 3
16678 54634 7
27939 5405 40
22185 56586 7
8160 54309 17
43905 24044 47
52306 27302 21
21798 51899 3
44728 25735 10
19237 54950 19
39143 2668 10
35463 7193 7
8082 6462 40
24256 22185 9
37201 51557 13
44687 1846 9
24479 10062 13
4588 8160 18
57585 41642 43
14682 58094 20
13165 59844 42
7717 50124 17
2595 5500 3
52664 31894 27
32785 12508 29
13573 8271 36
54825 15573 13
43816 3137 20
55417 12561 12
3438 59999 1
24101 26005 11
20019 42310 14
33112 24167 38
59938 41322 39
7108 53314 8
19827 25703 3
16840 44092 38
5667 20334 27
26463 6150 25
22101 6308 17
12297 45495 11
16589 10062 12
258 25735 10
23780 45605 12
12678 22789 27
42356 54093 9
54911 45463 5
56800 49415 29
18186 54666 11
8286 5794 9
57945 7792 21
39349 20000 8
2826 53299 3
2375 34513 12
53608 13224 10
39732 20332 45
59244 25546 11
2518 6164 37
6235 39326 20
14819 35962 11
58257 2277 32
1037 34886 22
22872 8042 9
47972 34056 20
33782 3620 3
53343 415 10
31556 23500 14
13220 52348 1
28499 38981 64
45662 5168 1
41188 12070 17
42362 19394 2
28420 34673 5
37834 55913 10
20553 29976 28
34586 7792 31
5172 33826 10
41133 8816 23
7397 32212 3
7193 54634 6
52788 49855 8
13033 31874 10
46560 24839 4
20361 25602 71
13392 13033 11
43322 40146 3
50525 11557 3
57939 5710 10
46857 8036 46
12780 2999 15
6093 39326 21
49851 58943 11
30016 31935 29
3044 54911 7
45180 42476 29
54968 8983 40
36710 57183 11
12802 32543 8
18563 15989 8
23163 35485 21
22399 415 10
54950 51059 14
33800 18563 9
25775 26237 9
5387 38159 7
35657 12508 30
26906 249 26
25406 56717 45
34816 56129 38
8138 53299 3
33334 19394 2
55882 35973 21
33260 42490 11
55190 17176 10
31356 22628 12
31976 30811 4
33796 5168 1
51849 43651 18
2975 12508 30
39737 759 3
43454 58244 11
28880 1379 3
24080 20334 42
41281 55460 16
38397 17210 3
15040 55879 23
7459 17725 18
59153 45463 7
36699 5386 8
7452 26997 12
57913 53369 43
31645 32923 15
46585 58557 12
43946 46491 52
42690 49905 8
52418 6496 19
9764 34056 22
34246 22102 9
17151 38153 37
43898 30893 12
21236 27295 21
38910 48283 21
20921 17564 33
32402 40847 29
55128 47565 10
34771 57197 34
8397 54675 19
24957 27405 37
1379 5168 1
32033 58244 10
38153 54331 35
38637 29415 36
24435 22102 8
28562 54093 13
37462 5168 2
1429 22312 8
46004 48997 10
25634 39866 17
53144 54331 37
10986 54825 16
12146 21280 4
29067 42362 4
20906 59628 3
7155 32154 11
9012 52348 1
36088 3822 12
56926 44607 19
34411 24510 7
56197 56484 30
45531 55460 16
5886 8734 11
9148 13829 21
16162 8143 3
47384 11986 17
47075 24766 29
1046 8271 36
31469 18080 33
467 18668 22
33528 30242 14
31817 10065 15
59950 3438 3
54225 53314 8
38767 610 14
28652 15646 26
22961 53871 23
50175 26112 10
51230 37294 24
39690 4012 8
44838 39625 8
40331 6502 17
21675 1280 39
24320 25140 4
6829 48103 9
23913 3832 10
10846 25140 3
47447 49905 8
695 36012 23
55879 41928 21
45523 45463 7
36012 15579 17
57968 5432 10
8347 6568 7
14509 38220 21
54048 44815 23
53628 5710 11
26300 58003 9
42078 25354 36
23114 8110 9
15515 33514 13
47517 47565 12
56721 51557 20
57613 34072 8
47134 8335 8
10359 21977 48
56010 36540 7
38410 10207 33
44366 30606 41
56554 49941 13
38415 29241 6
27339 39105 9
58019 40847 29
18274 24523 24
49411 39446 12
26673 15104 15
15463 25389 9
47172 12907 13
18158 9764 39
41795 7182 21
56200 1460 44
3515 21105 3
36819 19394 2
8037 22200 30
56799 45188 2
59831 52348 1
18565 51825 26
31586 40518 34
5330 47957 4
26972 32691 51
5652 18104 23
11872 21762 7
41185 8347 8
31906 50624 12
59844 13741 23
56399 18567 11
38536 21788 17
28601 54603 89
37293 5500 3
20676 52348 6
47049 24023 12
55813 32982 17
47655 38981 72
47658 39010 10
10113 28273 20
11949 17813 3
54809 25373 32
10781 33195 45
56391 22943 42
55349 19617 15
57028 35784 10
21280 45188 2
59272 31262 14
42760 5405 35
48727 5167 8
48907 18969 14
31434 54489 37
45196 17189 2
22713 41794 18
19160 55033 13
13402 56926 22
38565 45695 10
25772 26083 9
3416 51928 10
32602 26801 22
56778 35963 11
38473 56161 10
4961 30811 9
32968 20413 14
29813 38981 101
7003 51082 8
3822 21023 11
265 20710 6
47876 53101 39
21522 39761 10
19118 3044 14
38885 56099 26
27547 543 10
32431 48107 9
10305 32474 24
18300 46601 9
47057 47004 25
37612 25389 10
17929 49559 12
50357 21797 23
40225 24766 31
9851 51550 11
5405 55729 32
18807 59680 26
58943 37462 7
48393 53628 12
36325 26733 2
47004 29411 21
23895 47655 73
39555 37462 8
7380 19394 2
22554 6150 23
23173 26237 11
24649 24609 7
52869 44644 8
26545 49831 14
54547 45014 18
26492 19301 18
21959 20840 4
30223 14032 6
18202 6876 15
39643 9836 23
42076 37757 14
55028 28028 21
12966 5167 2
32082 49470 4
38166 29761 13
31260 7337 26
43635 58797 22
49769 4723 6
55565 26237 10
51481 52706 38
27211 56427 5
46788 2465 24
44499 32758 11
44700 18469 28
35993 16497 13
25731 45196 5
29734 29105 53
20536 45188 5
59655 17727 14
27713 55807 15
18511 14421 21
52479 46828 8
10669 12508 27
36598 37462 5
43654 8042 10
51245 27711 6
45924 52821 31
30651 48146 15
32262 5710 10
59122 31935 30
8504 40452 10
17456 18988 12
20919 6496 20
53431 11009 13
35496 18678 9
39452 49559 9
24383 47100 14
26237 3774 8
35830 45263 7
839 16678 10
36242 54052 33
54034 23187 45
12561 11557 3
31382 10979 20
29679 21797 24
10749 48224 2
44774 21280 7
14043 2887 9
53910 45196 23
53314 24510 7
26207 29415 37
28217 54253 7
40639 34772 10
9380 48150 10
2258 8143 4
17825 21280 7
43394 48849 23
4059 72 10
50355 38159 7
45197 55375 2
33952 21340 24
19355 8335 8
35982 35784 9
20413 8335 9
31158 40128 11
48111 8451 29
28007 52436 2
36558 46965 29
16340 37276 1
50045 9811 20
22697 52436 6
42993 4510 12
6815 34355 11
19452 25602 51
33810 10749 4
44442 22632 10
6185 45188 2
56446 59999 1
42490 4828 10
20403 22834 29
27971 4789 21
40518 50505 14
7030 42093 4
43333 41465 7
9801 48103 10
42813 44143 16
46379 56092 10
42827 22554 26
32068 46715 9
16848 56820 9
30545 35800 9
22545 29761 14
31290 20710 8
52537 1705 20
55089 51384 5
40005 42133 10
10613 38232 110
39625 38159 7
54160 25140 3
21629 21317 4
26182 10375 18
53369 5229 42
25003 48321 16
35784 59153 8
11157 5091 36
30837 17564 24
26491 27783 87
9609 53432 8
35619 27711 7
57066 17877 30
262 34822 77
58335 18430 10
31054 28996 14
4808 39941 73
47662 58378 15
19591 5168 1
41195 31874 10
17926 39086 23
45442 25099 22
3463 27050 9
40238 28871 7
41642 5405 33
2491 21856 31
45146 52590 25
448 2491 34
17358 5429 3
45032 48683 53
59805 52466 29
3333 6245 21
24042 2999 16
28607 23155 44
47396 57085 17
32310 47134 11
8271 28187 35
56102 9358 18
32067 22943 42
48412 47662 19
34033 35973 21
53447 45196 13
53081 50655 57
43594 24649 9
8335 46560 6
44827 55375 2
25194 55386 11
35139 27852 50
53913 5710 11
24417 45945 41
34803 28273 27
44457 40296 46
21788 25618 16
13719 52348 2
22405 54547 19
2839 39773 7
14277 30474 8
10541 17189 2
5804 53913 12
20263 15159 22
2610 38099 12
20971 30092 10
2887 31465 7
43350 35784 9
14016 59122 39
25569 1738 34
57839 12346 41
4725 44106 12
38105 27475 22
19778 51670 6
24523 29268 11
39448 4766 3
57090 12965 50
25746 15031 1
48290 30204 7
30380 18678 9
23090 34553 23
19188 35633 22
5090 46715 10
21193 22057 12
47924 41637 25
1063 32950 29
24857 11479 91
58876 51557 11
24404 48111 34
22004 38565 12
48413 29671 12
18632 21872 23
58985 20263 25
10649 23701 18
17772 26997 13
50020 8160 18
56688 45175 73
25373 4588 29
51108 26668 8
58753 34411 8
47923 21158 7
30992 37135 27
14265 14032 9
33790 17813 2
59895 34475 21
6108 415 11
56092 16565 8
3254 46689 12
44702 11122 29
57059 25283 13
20332 26629 22
17169 26629 22
14984 33826 10
13186 34673 5
41005 53410 7
10992 51053 40
59905 49589 3
1122 29411 24
26217 10986 18
50388 55625 10
3928 14032 6
45848 1738 37
1288 56414 30
45574 56371 20
43362 30204 7
58535 10132 20
19605 47447 11
35900 37573 10
11974 45196 8
4439 46778 100
6690 52846 53
53617 13348 13
34522 47774 7
51839 5667 29
17293 41497 45
45338 22632 12
6243 32492 7
11986 4725 14
19287 6756 34
47988 53295 7
24727 42324 17
20193 38099 11
37468 31328 10
36923 24839 1
22491 26785 9
27940 14414 32
28775 52348 3
48683 42760 42
55662 16131 8
42272 28187 34
41745 17465 9
29023 6442 4
40060 27934 35
28096 39085 7
48510 58244 10
14395 26207 41
56334 28187 35
39446 31328 10
17560 44106 11
27332 57438 8
31465 55089 6
47454 39085 7
18469 29976 25
7210 6108 13
33257 24979 37
12663 51384 5
10220 35993 14
22728 4725 13
42091 18678 6
36180 48103 9
21099 55281 33
9539 23187 45
7672 32262 11
44607 8160 18
17150 20765 10
26449 13439 11
3080 36710 12
59509 53299 3
32691 27852 49
52515 10595 4
26609 41144 8
3830 37276 2
18924 15137 33
5703 86 24
56832 17727 17
35996 43350 19
5029 52725 15
48146 32154 13
47834 24649 10
39761 20406 9
34031 29930 10
28282 51217 12
41409 48303 13
10790 23187 39
35142 1738 33
37957 24839 9
45263 10815 5
59775 41281 21
7368 59853 11
10374 6164 37
45183 48224 2
51370 27830 34
31166 49559 11
2824 40296 47
27398 13647 9
4992 54634 7
52226 20110 15
17278 55625 10
2740 5405 34
45835 885 12
21071 4789 16
18978 42962 9
8634 56008 22
52725 55033 14
14875 32178 11
2081 39761 10
23127 2547 8
40047 34803 34
58276 12881 11
21889 2160 3
1393 1732 12
42875 52348 1
19689 25140 2
6435 34475 21
26851 35544 97
25646 12236 43
28677 32002 12
40124 16985 20
43000 48332 44
953 31341 25
34134 50655 58
55612 5168 1
6756 6496 20
7769 18856 16
33271 27325 11
36013 35963 12
53653 6020 11
39078 50624 12
39048 21236 38
27183 53010 23
31397 14003 47
23943 7030 15
46856 31262 14
8152 3926 11
21640 46491 22
8313 6824 39
9685 5405 41
20264 37867 37
24409 9358 35
55812 59999 2
56920 23848 20
32902 6150 25
13286 32310 19
21454 15248 37
24255 26733 2
51415 47449 10
22998 24114 119
7538 2711 15
37041 35343 25
8864 25389 9
59857 30545 10
25739 24053 41
9225 52436 2
26079 8036 47
39192 30657 45
40885 4014 10
40590 54911 10
24053 24979 37
40430 984 25
5596 22483 13
29458 31341 29
58510 28038 16
47633 33796 3
54735 12965 48
52440 11573 9
5432 47447 9
5861 46840 10
46591 20765 3
22343 11648 10
56949 6756 59
15573 49769 10
17732 5868 17
15993 24114 72
8275 18988 12
30057 11410 8
17954 8824 14
44510 26256 36
49600 57968 11
55476 21839 29
13526 8734 14
42264 6649 52
373 44005 42
14760 59668 13
51899 52348 1
24968 1846 10
49125 22250 10
23187 6756 34
23111 55349 16
44390 53314 10
26200 22554 24
18808 58650 47
50592 23815 10
18667 21856 29
33571 1705 14
29243 21105 3
51540 11966 2
17149 52098 12
36366 2547 23
516 1813 12
7021 33112 42
41578 7540 7
33409 13224 10
23652 4271 30
47831 36694 94
33910 34379 8
46908 15736 2
20000 55544 7
26528 26056 12
48352 31874 10
42082 8933 6
17948 21454 49
53658 20286 13
14414 24766 30
5129 18563 9
36033 44607 22
33752 12965 35
108 2547 6
52711 11974 13
31198 33752 44
12606 22295 22
15137 48111 31
44815 7182 22
27598 38588 9
37422 17772 14
54479 7549 21
59020 42093 3
30468 7086 18
14005 33348 16
40542 49766 48
5765 27711 7
35270 52905 13
44542 22399 15
36438 6308 17
37530 35973 21
20960 10220 28
53374 11122 30
42962 46237 3
47328 51073 2
17725 318 11
12366 23678 16
52051 18667 37
53452 7156 7
23597 44718 10
58561 5167 7
4712 12380 12
43107 48652 37
14955 12366 17
13360 42827 29
32318 9037 23
15662 22630 14
56179 2160 5
38502 58553 13
25318 21762 7
1110 45196 15
27724 44644 8
14575 20406 9
16526 36923 12
19569 42477 16
33311 36527 15
44039 18856 13
