5832 5744 9
16007 35993 3
35263 40906 8
41908 19201 10
38950 42409 27
13036 22696 2
513 9721 23
15094 7568 25
52637 16150 29
36750 42232 14
47434 35741 8
18274 26849 16
25167 44272 3
57237 1020 8
11266 2242 7
17459 12384 10
57242 49275 22
58515 45480 6
23614 32393 2
9557 42535 58
52146 25474 42
50496 59969 7
28297 33307 17
2906 341 10
44327 3702 10
26156 1788 32
14315 31828 38
38328 21848 15
40704 47498 29
22835 50011 78
27333 14457 39
15634 49516 37
30668 36929 5
18125 18386 14
33062 34090 26
49596 53679 12
24590 28382 6
21519 28548 21
24127 32054 18
40476 20230 11
19511 1147 30
44642 11604 51
33706 31190 6
53679 31786 9
53083 48968 7
43777 49696 3
35509 55744 16
28388 4720 8
6304 48631 9
44979 8597 91
6534 42596 49
29828 57362 3
41578 52776 4
40384 11441 10
19127 55654 14
16958 18476 20
35455 52466 3
25924 6033 30
39504 4631 14
20584 5703 7
56703 58856 10
54027 17893 14
53972 49962 7
27221 43717 61
11008 12647 4
36151 28019 40
46922 36749 8
7605 10975 11
8597 19253 53
37192 28884 15
56102 22696 1
13478 8356 53
41259 49677 7
22191 39352 17
51621 1396 8
8676 36881 22
37963 35037 8
29731 34038 16
58392 52901 28
23099 26345 4
54605 41726 27
30949 25920 16
22991 56556 27
4235 11008 8
58120 33144 26
29407 58658 23
53488 38072 3
35237 13478 56
44796 9145 24
23190 50029 17
18542 10589 7
13126 2913 12
4884 50660 8
42725 49275 22
1109 46956 7
42170 15405 8
49782 46708 24
37577 20404 15
35807 57900 5
45168 5432 25
21215 5088 14
2803 17848 10
484 26147 7
26864 29801 4
48647 3708 18
58679 52637 41
41004 42921 13
43225 19253 53
18984 5471 19
36142 14 36
46276 43986 14
51658 54233 21
9461 49139 23
4986 26766 23
16280 40659 6
14339 35898 20
30987 56727 41
38238 27185 24
14891 24005 13
8689 1683 10
25242 9898 15
30232 23916 8
59655 5088 12
12990 42414 56
28001 36043 9
15822 45521 8
35064 2803 12
46479 28836 7
38091 50660 8
18644 30062 23
34531 57626 8
4988 6850 28
36630 19626 57
188 19743 3
41492 11008 8
1683 27676 7
22384 32393 9
13323 36259 30
56060 58141 9
14877 16707 43
6089 4582 26
37374 6467 29
7010 56577 11
7192 48816 8
56348 42409 24
22721 6185 7
24334 54538 19
15657 36212 10
31094 29623 69
18197 52538 5
11188 38763 11
31436 2695 17
12889 12350 11
16034 36205 4
47898 23121 30
13636 7609 14
56741 45631 9
11642 11893 5
151 43274 6
25644 47814 6
55128 48832 52
51427 38882 1
54538 40523 18
33801 48968 7
48142 20587 8
19304 2207 9
36436 24349 19
24869 21783 12
15273 4658 27
11631 40318 8
34152 12323 15
5148 33851 12
19381 44925 53
45929 25242 16
33857 37716 7
28382 38025 4
58759 55295 9
13618 28451 10
30017 23614 3
17686 43842 27
53195 55021 22
28207 24005 15
8426 32514 63
7592 34993 53
57024 19139 7
57566 72 9
30417 1808 17
33091 38025 7
36283 6056 25
52727 48832 49
32316 41944 25
8271 15973 8
3330 23405 13
42921 7643 8
55305 3691 3
21848 21125 14
38770 15871 9
38834 37939 24
29884 31484 28
44008 26431 19
8032 12323 16
52240 20764 9
17764 33830 24
42596 54757 48
2283 51921 63
50011 35222 60
6254 26147 8
9326 24645 9
55709 50660 8
33166 24660 23
17882 30232 9
40698 58515 8
32780 49426 8
2823 7927 9
32551 39010 23
44144 27064 9
48497 43274 6
34100 29227 11
50277 48148 24
90 20800 16
10072 50765 11
28473 16483 61
26574 702 7
28600 39470 16
41611 23617 22
501 21869 13
36929 5456 4
33898 15682 3
11964 9124 27
10047 46253 23
47335 27764 23
59706 29474 4
16597 12583 23
46112 24027 11
47252 48968 7
44771 24027 9
41794 22698 30
13767 22384 10
4621 1845 54
53439 55654 29
44728 48968 7
13502 5451 9
645 39723 53
50736 37850 9
45931 12647 7
43099 16088 33
52357 27769 8
32214 32868 5
16552 52776 4
58092 59999 0
56617 53919 9
14347 28451 11
48167 28418 16
37381 52279 10
39718 8564 23
3877 31502 10
50198 57956 8
6094 20404 17
16496 21137 35
21783 22384 10
20664 158 8
25975 4582 24
21613 36749 9
8284 2045 4
37971 42136 16
53440 12530 22
42168 46916 25
52019 23976 7
2706 6420 10
56429 5253 7
41651 7048 7
23199 22721 12
27453 49190 12
33432 35588 7
18458 41562 9
38078 40317 26
32093 29156 8
25776 23549 7
26697 35993 3
8786 20121 2
9728 31181 9
51247 33949 9
43400 5958 7
37045 47871 8
49817 48587 8
24922 51838 61
42629 54255 22
13665 57133 9
37503 33930 6
48915 16558 16
38942 34067 9
45604 42944 6
29150 58311 15
42660 52003 23
25321 11982 47
53065 29105 25
43746 54873 25
23161 1597 25
21569 7288 8
8522 33931 23
2815 17536 20
14908 29601 9
26171 53843 7
27593 1141 19
44169 72 9
18261 35733 10
317 51895 38
46964 19238 8
41902 6833 8
10934 17450 8
30376 25277 13
49503 41244 17
3907 10168 8
5459 31320 8
3475 58856 9
28352 55895 2
10722 56043 7
28131 20938 26
24778 6794 8
27594 10671 25
39117 5761 24
17278 57887 40
52738 24005 9
33793 4746 9
32251 49876 26
49237 28646 8
31033 6693 21
49581 4616 9
18056 32054 19
41272 18136 7
28194 24090 8
38815 59999 1
24793 44432 29
25076 158 4
27367 28033 9
17108 48968 8
50774 41433 11
39314 5456 4
57243 6833 8
45152 42725 23
40263 16565 8
26675 24349 19
28019 52303 31
36865 36414 20
59903 54757 28
47161 59247 12
54758 34762 7
2695 45457 16
49071 38102 6
24027 19638 6
1765 13120 9
45479 41666 4
49073 25277 13
32066 27313 8
49722 51995 21
42597 39478 6
58450 58681 23
20276 18644 29
29708 36217 15
41418 2915 27
14773 51069 14
49291 22380 22
10493 33552 23
52763 18125 15
3502 25422 27
38771 51178 8
2000 36346 25
26185 8837 21
13153 15025 14
36471 33857 8
37659 19786 11
39005 27715 9
11779 7802 8
15348 8592 9
42706 7370 78
10111 10852 11
55744 19119 13
43066 54753 65
58802 26185 27
16305 14944 58
45382 53843 9
13276 42076 30
13101 42725 23
13569 54059 18
46169 44676 9
36306 14181 25
36613 28496 11
4426 47161 14
38847 11982 37
38155 26143 28
42893 45521 7
33462 31546 27
23807 39298 10
26023 188 5
19327 38236 3
58199 10312 8
12527 24846 12
33813 4363 25
37962 23334 8
52859 53456 10
53204 30194 55
26621 44529 9
51081 36351 53
12934 53510 43
34133 36410 9
52901 10671 19
17427 4922 10
13373 19381 73
7357 42827 17
4029 8622 9
48738 25673 31
15932 12583 31
46201 45508 27
21664 2815 21
58725 14114 16
40251 28019 48
18342 44847 9
44175 19616 24
57933 36212 10
9952 8837 24
4551 43951 8
37729 59483 25
3531 21137 37
4784 869 8
57732 45929 17
56053 20809 23
43040 38847 39
36410 45667 7
19562 47402 8
27768 38745 10
46143 58785 10
31161 4988 32
15623 39086 7
20372 14690 24
21695 28297 18
23899 18581 55
20121 22696 1
32356 20284 20
26888 31203 43
21146 32050 8
51750 37733 3
53061 25337 26
55257 2242 7
8793 43685 27
2565 11143 24
26599 14875 65
46601 5493 25
28836 684 6
53631 15474 18
24729 46560 11
55446 11796 68
54430 40665 13
816 35777 11
44372 57155 8
23498 9993 8
18476 45608 17
52109 38512 25
5456 32393 3
25940 5891 3
26011 15906 54
22305 31987 17
32165 53786 50
40635 28057 56
6344 28131 27
58019 39216 58
25771 41601 9
46236 39723 53
26615 28375 21
40940 15876 7
36524 58136 29
17775 17002 7
17404 54309 59
54147 53843 9
49537 29983 19
25653 15139 7
40675 46812 28
26332 50887 10
21321 8837 22
8765 30422 4
56756 21781 58
13398 29852 28
10218 16628 12
53702 21276 62
12148 28040 8
12335 53984 11
32455 29983 19
19507 38091 9
38102 38236 3
58507 15222 15
52020 28459 71
28835 47002 23
13379 9993 8
11889 35506 31
10664 7996 77
57694 22723 28
27124 24432 8
19786 41492 9
11897 47538 23
20792 28558 18
15045 55641 10
31478 49468 5
22627 34296 58
33949 57900 8
633 38771 9
32054 47383 17
15158 294 18
58295 24226 21
13812 23657 30
50791 30509 10
9718 57956 8
35898 21180 16
49518 39723 53
40745 12412 13
20041 12415 7
47402 51230 7
4290 15497 28
53481 47402 8
8777 27447 18
3998 31899 9
47814 49905 4
8150 22366 2
30523 51625 38
32729 22385 25
22469 46167 25
50684 59984 8
29858 35807 8
4167 55450 8
54237 56099 37
48638 51775 8
24332 3552 50
31909 45337 5
44774 21178 69
53954 18127 8
31540 5000 8
20230 50261 9
55294 2084 3
53058 29310 3
41535 49322 7
55280 54255 24
6970 30359 8
57298 14476 9
53023 6332 9
58443 44854 8
47721 57058 15
46026 36146 24
31975 21664 22
52614 15348 10
285 32554 25
18873 25882 59
50324 41651 12
33960 45745 2
56050 53926 8
58010 8571 24
26445 47538 24
52495 54873 25
25045 12996 41
13552 30028 10
673 12323 17
29370 23498 9
48899 8597 65
40012 22517 53
42944 36929 5
32752 56144 25
9470 51098 58
25309 1216 48
28217 1515 16
7330 55559 8
38606 27764 22
258 36389 50
17813 45375 17
54364 21434 8
12640 39086 7
869 6833 7
26345 35270 3
27877 21441 26
55559 7840 7
33198 42431 17
55044 53058 4
15898 53300 9
22543 35038 7
44499 34213 25
49425 53226 23
2469 10675 31
54744 1314 9
37756 14032 10
34247 35820 25
58518 22316 23
37058 42543 15
19856 3324 9
9828 41259 10
45449 34943 8
13782 13615 11
14290 23427 11
46733 44548 17
13637 30900 10
6794 36343 5
16758 59999 1
22844 25580 9
16486 49042 10
18614 4222 38
44559 5513 6
37733 38236 2
5140 25254 33
38003 43156 58
10130 58678 8
24957 6795 22
40338 29156 8
55641 6281 7
20809 16565 8
35038 38025 6
51215 32001 9
28118 24576 26
40982 55493 4
8234 29753 12
19647 7314 10
20764 39432 8
18528 39405 24
43812 45559 11
16386 51895 42
44067 47498 38
1216 29980 35
39405 20198 23
15601 56259 16
18326 7594 8
46645 29800 8
30908 19253 57
26115 47203 24
39094 57243 9
24951 49542 17
46740 24635 5
9750 32413 5
341 12549 8
17800 33704 15
42951 2801 27
19374 28451 19
14114 58881 8
43622 36222 9
40577 27765 20
35459 42576 16
22989 29731 17
9298 56043 7
3050 684 6
44695 51215 10
2973 34977 55
56222 12256 35
40849 23072 19
41849 27492 26
42773 22174 10
8282 25927 29
47564 53954 9
27469 18559 8
50238 39041 35
23870 33975 9
24671 29467 9
3365 43289 4
41666 20121 3
17878 9721 23
8717 47124 3
14451 11081 10
5493 17536 24
3498 40480 63
33346 12592 4
12912 42660 26
23027 16280 9
4052 59911 27
10292 25505 7
30559 38025 8
27306 28620 24
18549 25903 8
35099 21190 2
27738 28857 11
11386 48968 14
45151 932 35
31160 51224 21
22623 22304 21
46498 7501 30
52867 9491 8
40574 9122 14
21415 45604 8
42796 38512 26
57185 4290 29
29942 55161 64
18333 7486 27
24005 3039 8
7316 684 7
37053 40791 21
9541 7486 29
20718 20817 18
18749 31478 9
52564 59666 4
22098 4363 25
31874 6645 17
40911 55309 18
22429 8112 11
15222 7927 9
3361 51081 60
1936 43786 35
8356 13278 51
40657 15858 26
50311 9674 28
38172 20289 20
2095 48718 7
5340 3708 19
32154 33441 15
44155 16007 4
28558 19775 17
43817 23291 25
35733 56687 9
40318 41264 5
19765 20584 17
27424 36351 62
56854 38847 39
9145 21664 22
23274 4018 24
15703 33091 8
1788 10123 29
23960 15539 11
11486 29843 43
29083 34800 15
56029 54255 22
9551 52614 19
25695 37991 9
7627 22387 9
9552 42459 2
50756 2242 8
1845 19253 53
41116 49313 10
42719 17194 14
10687 21473 3
29753 53919 9
10189 30028 18
29983 15474 17
8538 13036 3
35679 38328 19
9484 1109 8
7086 38815 2
56159 30688 25
5367 39678 56
29156 6794 6
44798 17102 10
18310 13278 55
36438 38815 3
32766 276 26
18798 1224 81
51966 30139 61
25715 5456 7
26431 24056 18
32967 11475 22
49117 20013 64
40523 19775 17
27297 22384 10
25068 23323 6
36346 3010 13
42136 44566 15
49962 36749 5
31956 38691 13
42926 55773 12
55677 16496 36
48047 46944 17
55813 2089 10
26423 58692 29
8711 8488 48
13602 11604 52
29332 57563 37
53394 31190 9
1597 41441 18
10065 37721 26
40018 33702 10
22332 45160 44
83 59334 9
57150 55654 30
43156 21137 35
40764 28836 8
52892 40318 6
45045 20088 18
53055 24114 15
46532 398 30
59503 5857 25
36205 37733 3
26375 20088 20
23769 35588 7
59471 49128 17
25422 2565 25
43786 19084 29
19119 47872 7
19870 46276 15
9957 50122 9
33676 16007 8
23334 42944 6
40683 17999 16
2913 5451 9
53678 25041 27
8394 43905 11
27467 11475 20
50176 2880 56
54190 17205 18
57795 19042 10
36217 54600 14
13164 32673 58
57048 45398 14
50804 35741 9
5457 58467 10
1459 44680 7
34794 54871 16
43685 45302 26
7510 36496 28
23771 16558 16
38765 24707 9
7506 35741 10
31813 33924 11
51303 47 10
27152 28116 27
15848 28884 15
14206 40895 33
37397 55274 25
37991 15405 8
3460 5000 9
33772 35031 7
13615 14996 9
19527 12640 8
54753 47246 52
15336 18869 16
25134 12549 9
19439 23709 5
57959 56556 31
36490 27539 10
52369 24233 2
10439 38071 54
19363 10966 25
45579 52859 12
17488 24381 22
35432 58856 9
14065 41259 9
18643 20283 23
21324 17869 30
13534 25903 10
59652 22450 9
16692 26143 27
36594 50684 9
31664 9957 10
10443 54210 11
34891 1790 14
5919 14457 39
23629 52521 8
36212 44854 9
50508 20764 9
36852 25041 35
3039 6281 7
45102 30187 18
464 14114 9
55137 14299 31
35144 14617 9
33991 20423 25
28515 21848 15
58881 49779 7
20014 12175 8
54773 54128 22
14485 46469 9
42006 7605 13
72 52950 8
32486 58586 44
24690 34152 16
56312 41309 7
14607 26615 23
16999 4426 15
24320 47335 26
9818 24660 15
20267 13171 25
48968 33930 6
2880 55128 53
7238 33943 11
4363 14174 23
41879 16558 16
4922 47930 9
38763 51178 9
44440 42610 3
49696 22696 2
28057 43225 54
17125 31164 25
47984 7793 9
54826 59041 23
18328 20121 2
58150 53643 7
18327 22387 8
34707 52003 23
12838 7696 57
16070 38075 38
54302 8285 11
51988 37045 11
54880 18328 9
23924 42322 8
53927 45783 7
20247 33960 14
33702 11525 9
56783 23057 18
35694 5958 7
39032 6921 26
43595 55654 14
53613 6693 20
53721 52669 8
46475 11982 47
46385 11801 39
41589 24859 19
54534 13636 31
10482 38071 54
33103 41227 59
45742 57014 23
19616 42229 23
9993 1321 7
19274 15747 10
43656 23375 28
56602 56854 40
30194 34977 53
14588 55785 7
48835 45457 16
18104 21180 13
22450 57900 8
12162 11525 9
14781 30028 10
42229 17536 22
34638 49237 9
56794 26871 13
38315 10687 8
39994 347 9
47413 33307 21
15897 22253 31
57216 13843 23
9907 1115 69
49104 19991 37
49881 58450 30
23363 58658 24
38025 12533 2
10992 48816 10
23452 24114 18
25474 1317 22
7927 7802 8
14796 26143 28
3705 11206 10
30187 39470 16
53445 49237 9
3552 3219 32
2613 45631 9
48244 59552 7
16184 46502 18
15796 11143 25
42459 38236 1
50336 21137 37
12263 55857 9
38965 3367 20
50997 57900 5
1818 27469 10
51914 55309 16
44466 41137 22
57060 48839 15
2125 18518 14
28443 20309 10
8575 16597 28
59446 5451 8
1079 25474 23
51484 1547 20
41262 56178 22
15098 7132 9
37309 27221 69
47150 53927 8
53359 9557 63
5455 47459 19
4019 18310 61
24349 19775 17
51907 53737 6
21035 59260 12
51895 51625 35
52081 56741 10
44607 44008 20
53754 40698 9
22174 31478 9
37004 11475 29
35777 44847 10
14241 14032 7
12440 38171 26
29154 34870 13
48667 54079 9
31203 54077 37
21434 58779 4
52283 151 7
38444 14457 27
54122 34611 25
37774 9491 7
40167 53154 22
53860 38160 15
2079 22395 3
30628 41514 8
7696 45174 53
45631 3039 8
19883 1233 8
15861 36341 39
31439 35235 38
10312 32335 2
29092 31247 17
39467 38025 7
26661 9491 7
29268 18813 32
12533 38882 1
4231 10439 60
33963 49950 31
33980 48497 7
44738 5459 11
56798 33737 4
17205 19775 17
39267 1922 7
17446 15405 9
47538 11830 22
29787 2815 24
19166 46916 24
40519 13854 9
38650 25710 10
44823 58057 27
35069 54049 9
54341 38236 11
26633 57732 24
31805 48968 7
52521 55785 7
11750 28451 16
12859 28375 15
34272 36607 60
27671 36438 25
36859 19412 26
46352 3691 12
12293 31909 9
27602 20524 25
15501 9552 3
56077 10127 23
3810 42951 29
41518 50794 14
58967 26340 25
22723 32887 27
35993 35147 2
2162 13940 17
46473 29560 27
38417 10127 24
24277 53510 17
44743 3022 71
42025 59503 26
25223 5639 9
53647 20584 8
49001 17144 9
57724 25061 9
16463 14347 13
5013 40405 18
39658 19808 16
9122 23924 9
37338 36410 9
45480 17310 4
59783 52564 11
32413 22696 1
47422 52301 10
51581 25242 16
51291 52014 24
36341 35235 37
30456 11008 8
21441 31975 23
36301 7557 83
55468 54742 8
28418 16402 12
32001 44854 8
13916 15474 17
50887 40257 3
14189 7642 56
3438 1790 11
50404 28217 19
26103 20587 8
34488 28116 28
25264 49512 8
7508 4720 8
42952 33762 3
55752 32050 6
41019 49026 19
38236 59999 0
9760 23064 23
49946 46502 18
25000 32214 17
52061 36637 15
30322 12175 9
19003 16741 11
29260 24587 17
20914 45742 27
5533 11982 56
21263 3292 16
2931 24027 8
52932 9835 8
43253 37542 9
42142 16692 30
34058 29048 27
33859 27634 16
42283 26063 29
40771 39151 29
8557 59847 9
697 52369 9
45783 27646 6
37941 56556 13
25903 49962 6
52014 17536 23
40231 22340 24
33597 27868 12
58813 25792 10
5909 42719 16
52627 26406 2
36080 57724 15
33947 21178 59
17913 35031 9
53984 28798 9
51493 10691 17
14 31659 22
23944 30456 11
3200 39742 26
34576 27522 54
12678 653 10
12454 51934 27
26756 26169 17
7909 47161 15
12761 57214 7
3459 44183 19
9951 33307 17
44792 9122 11
26333 29840 17
23617 40791 21
43580 42077 22
26916 56430 5
23001 32750 21
38207 21035 14
6442 51838 30
10727 40606 10
32646 58934 8
28662 932 35
35066 7357 18
2915 50791 16
46812 34821 17
56149 13969 22
17776 46812 19
44041 2896 62
58816 25067 16
46326 15098 11
58856 28646 8
54348 55021 22
58751 23832 13
45940 19626 55
21781 39723 54
37894 10853 57
55705 23452 20
7743 38847 48
47497 21180 11
50790 55559 8
41400 14734 30
42610 32393 2
7609 29933 8
54152 49946 19
28812 38815 3
27089 38155 30
28497 27272 10
33651 19119 10
54233 29260 19
9248 42719 16
18869 18386 14
27629 33249 10
52778 18333 28
43641 22723 28
35981 33411 26
24662 54027 17
5513 41264 5
38348 40523 19
34213 49140 24
19091 6332 9
54309 56884 43
45537 46479 10
48631 9491 6
28865 38688 9
25174 51338 4
8843 27630 3
32673 46475 55
29623 13278 51
41305 56043 7
30310 18220 13
27360 25927 29
53124 23057 18
934 53558 18
30067 42944 6
52003 12530 22
10409 3050 7
29208 36180 13
863 14117 58
55654 47400 13
6083 26423 31
33444 33091 8
49046 4018 24
16906 45093 25
12544 22384 10
54970 6281 6
30721 57024 8
30804 26423 31
33277 21679 3
25237 6967 62
8308 9461 25
58111 19139 7
16271 53035 9
50811 48180 11
46526 58751 15
20235 49128 12
17216 3341 37
34139 27634 15
17951 8314 40
59796 18328 3
51451 29758 25
13080 58267 24
18041 16999 17
3444 768 85
14303 21688 32
24645 7802 8
45745 58092 1
54049 55641 8
20817 5268 17
40087 37802 11
52538 13036 3
35588 57900 5
58674 40523 19
31546 4363 25
30548 47291 29
42035 58515 7
54508 58690 4
30041 5761 26
7642 29623 53
22055 29460 9
4572 26574 8
3053 20640 65
27481 6637 8
4698 27715 9
45898 12889 12
50765 16355 9
15916 3081 23
8850 3292 16
2100 38770 11
39759 53124 19
1514 27634 22
31472 5958 8
56958 36630 60
26151 6661 25
6151 31595 31
14957 38815 6
46253 7050 22
15318 10439 58
49322 32050 6
24090 1321 7
3377 4190 19
37536 58651 10
54128 44548 18
23574 14773 18
50267 3531 38
40662 46952 13
52491 14991 8
20938 51301 24
7380 10687 8
45120 17590 16
58361 41244 16
38495 52147 9
36444 28908 8
35688 22627 77
43951 9849 7
42307 54192 25
45559 41492 9
12154 18333 29
41307 15405 8
58754 49905 6
59067 5832 10
26741 59295 43
58701 7044 36
17417 4222 39
28036 55752 7
19638 59999 1
18976 11475 28
18937 53058 4
10510 36524 32
54051 20792 19
59133 49581 10
27313 36343 6
12788 26099 8
35567 38849 5
53653 53827 18
18367 43388 7
43692 21569 9
45302 41262 23
17528 15474 16
51058 29797 19
8463 33617 28
46139 47002 24
40791 29260 20
36240 1683 9
33441 47661 3
4631 57214 6
16562 37850 7
7540 22384 12
41643 17159 19
59639 13642 9
5047 54077 42
16739 57024 8
17842 8522 25
42703 9870 21
53270 47174 10
38849 9552 3
20838 10920 8
44654 34934 42
34519 32052 35
36850 28133 14
10922 40402 23
29613 12437 24
713 38075 38
49426 5238 7
57196 7996 58
5411 57735 27
53138 25059 7
12925 14181 25
21329 45375 16
5089 54742 8
25231 39010 23
42790 10569 17
29995 53827 18
45160 58692 34
24299 10065 29
23547 36455 20
20524 48616 23
34898 36820 4
56763 20938 25
53737 32413 3
15305 23451 10
47248 10312 3
294 50203 17
51718 57242 23
24329 22395 3
55866 53919 11
32509 45045 19
15396 6850 27
17681 49073 19
59755 35534 10
51045 54605 28
58821 33441 10
57058 17739 11
51287 37503 7
43268 8387 19
6603 36438 8
35500 3691 3
29657 2045 11
30031 9042 63
37850 52609 6
55222 24233 2
45948 4644 17
20826 49905 22
15330 16271 19
24114 7927 9
6708 47989 18
20907 52901 23
52450 13781 11
39305 45608 17
20654 48832 51
35587 54418 23
14677 53204 75
23795 5047 56
8741 51780 11
43386 46475 58
28375 22218 10
42263 25920 17
43194 14818 63
53088 40345 18
22924 42803 76
32989 35444 28
26822 34065 21
28054 38236 3
51027 40937 14
53926 35466 7
4418 8488 34
48333 6292 29
20484 4003 8
23351 27765 25
53336 33646 12
12405 53797 9
10852 44144 10
49139 56178 22
25934 57242 23
26052 56144 24
25445 16530 16
58626 38487 27
56094 252 59
55056 44771 11
26204 21569 10
38688 27632 8
12903 37503 8
55082 52943 8
9995 54322 9
16322 147 6
9108 29840 17
12323 59554 13
50174 7075 27
12062 35674 29
32139 41949 10
42623 42414 51
47791 52210 10
18997 57242 43
57141 45742 24
21248 14114 16
31345 59969 7
24596 3810 30
54908 42348 6
29619 43900 54
34915 51468 28
29310 38236 2
4916 17210 6
47084 54192 27
40225 40200 3
29202 10937 17
2430 6833 9
59847 8538 8
49026 32185 18
10545 51836 9
58690 37623 3
53042 9219 17
28675 44676 8
3999 22399 29
31626 59999 2
18224 35807 6
51779 12533 2
31181 29933 8
22452 8835 19
35710 52744 10
20309 31909 7
29210 19775 19
44515 46393 29
38265 9696 10
39749 40158 18
34406 48832 50
47052 58092 3
21068 24114 17
33582 21664 23
14751 37542 10
23427 54287 9
24859 42431 18
26754 35588 6
15106 20472 29
38550 55105 42
34506 41902 9
34611 32230 24
51338 8150 3
59526 1703 8
30957 36343 7
29264 20283 23
933 25484 9
54723 37503 7
507 35500 9
26045 49468 6
12224 41341 13
878 21248 17
18532 13904 26
38957 34977 54
44204 16280 11
11168 43380 49
11067 34380 19
15747 48411 9
42215 59749 3
6613 8392 30
147 9552 4
37623 33762 2
7867 11266 9
43028 22844 10
47002 31659 22
53300 13077 7
7314 44953 7
5561 5015 8
47551 29934 24
24007 50774 12
398 54691 23
31967 15743 17
22544 8571 19
24587 51069 14
3600 49306 54
43975 10687 7
42675 21276 76
3708 19775 17
28798 7681 8
6033 5092 23
41534 14343 12
10961 43110 8
32756 20932 26
35515 5002 8
29679 46824 10
6698 27366 35
39414 38155 29
15934 12088 3
34537 32720 9
57808 20932 27
29474 58092 1
4343 42239 9
43235 50283 12
19238 9491 6
30952 2759 66
105 18549 9
54864 48638 10
4658 23119 24
8255 41264 12
41237 55021 22
12592 50719 3
19991 59436 36
20851 15743 16
1776 9145 23
13043 59731 23
18506 49677 7
23121 27823 29
45828 28646 8
42408 35038 7
17328 3532 11
25505 42189 5
31997 31786 23
57338 31720 11
44200 57883 10
28486 33617 47
6271 49696 3
32052 16692 33
18136 28382 6
1759 13170 10
24141 656 25
11347 6794 8
49496 31128 7
38848 25067 18
1790 23924 9
47719 17661 32
11323 51995 26
53558 49729 17
54322 6281 8
17440 24349 18
28985 684 8
24210 28454 16
27630 38236 1
57876 51625 38
13729 11628 16
56449 33408 23
20618 30098 18
54541 50843 10
52793 5391 19
51157 54758 10
6352 37941 33
43238 3292 16
35867 42597 7
31754 27481 9
5761 2815 23
49925 49209 10
52555 55309 15
24607 59771 10
5126 2913 11
27513 36408 42
15529 33462 28
41618 15684 9
24576 12583 25
25484 28646 8
27185 16330 20
19042 6952 8
31502 31909 8
28365 10439 61
49035 34152 16
7044 57612 30
11799 12592 4
27542 50393 16
57008 5337 8
43945 53058 5
2359 28848 44
59260 48264 10
12384 32001 9
26143 9461 25
51932 57635 9
22791 54531 23
50122 47871 8
43259 54287 9
4582 33830 23
34270 23375 11
31008 6794 7
35444 2915 24
7568 4363 24
52776 14048 3
57489 42173 36
44729 38588 27
39041 4157 28
40118 55654 14
49729 50393 16
42547 46903 41
53390 5983 7
7384 8522 24
32750 48647 19
44380 33949 9
26147 28054 6
42832 40506 10
6735 42629 23
19287 31478 7
36043 11345 8
49143 34380 26
21135 38072 2
10671 28375 18
35643 46167 24
53829 5671 20
4891 24690 17
21737 27397 83
932 38155 30
30904 58681 25
36146 29223 23
56712 38771 9
56757 46916 26
28024 25940 8
53026 55677 39
43799 50393 17
26509 16758 2
11982 21137 35
53727 5047 58
27195 39789 9
15008 18614 41
29664 26661 8
45664 9551 27
42986 54742 8
44919 8286 10
17628 26103 10
7370 54289 70
47478 7568 26
22304 54538 19
32143 23057 18
49931 4666 8
56581 28884 17
39132 28079 22
51164 39592 44
40686 18588 7
58467 18518 9
13904 52901 24
40141 54921 9
50918 54418 23
1149 58513 10
11229 27064 9
7096 52442 4
27464 42189 5
8571 9219 17
12686 44327 29
25374 36225 65
13167 59969 7
20443 1048 11
36815 5552 8
31898 44753 11
36225 645 55
29934 57014 23
38171 22316 23
23323 59733 3
5190 28382 5
16279 44888 9
51647 18474 12
25105 56884 47
55773 23375 9
16445 382 10
4720 25372 7
49677 57900 5
5781 1435 13
7230 24469 17
37511 1317 24
53919 33772 8
40950 4343 10
38588 12530 22
158 52466 3
43745 46916 25
34725 32154 16
42189 42459 3
33940 1535 30
20961 45480 6
768 15421 56
54817 7288 8
24769 37774 9
58694 47872 7
25027 5730 10
21993 29227 6
6087 59911 24
45268 44155 7
43638 46411 28
1922 45480 6
15405 8154 6
38001 8032 25
44609 24957 38
7840 49962 6
7358 22660 28
980 28548 15
56144 38606 23
25160 29196 30
44183 17914 12
33421 7192 11
18430 52738 11
51543 11143 26
17166 34089 31
38733 1199 24
20046 37963 10
59770 16271 10
10858 513 24
11832 43613 14
40506 12647 5
13278 43380 47
47800 41726 29
13889 14174 22
29800 45480 6
38134 23616 8
4637 11008 8
40497 39718 30
29492 48930 23
30085 25940 5
45730 21263 17
967 19775 17
54840 51427 2
48522 14032 7
52906 40644 24
28620 48929 20
11736 13450 8
12996 43641 30
13455 54556 7
11141 57243 10
21708 33441 16
54210 57900 6
11557 53827 18
45862 48794 23
53808 12088 3
16837 43412 6
30688 38171 24
26849 12797 14
58866 7840 9
42590 15405 9
55341 54478 23
42322 49962 6
48502 40662 14
43632 42173 31
10796 32104 11
32434 39411 28
15474 18115 14
54762 6610 8
45935 41666 4
41036 45728 8
52943 13305 7
41322 18786 10
55092 48839 16
44592 52943 8
9161 44854 9
8499 21190 3
41637 58121 6
26655 21248 17
46278 50804 10
20284 35459 17
27501 10312 8
716 40316 3
13450 7048 7
19200 53926 8
5059 3246 9
40781 46475 69
38169 16353 4
33307 54600 14
25808 35478 25
45093 51301 24
572 25975 25
55836 38815 3
47414 59554 12
8392 24349 20
7486 19144 26
2896 33649 56
44272 38882 2
28857 55491 7
58527 14967 25
59054 42169 8
19626 13478 54
26446 12120 25
36117 33801 8
43591 14183 16
27811 54049 9
50972 27277 12
36379 24114 18
6410 45449 9
28451 8538 8
26826 8571 22
35684 51282 17
35270 12533 2
44020 15223 35
31891 15571 18
5374 35506 25
28910 17144 9
45041 11345 8
52127 9404 15
8346 40633 17
39086 684 6
16687 11081 10
58913 26571 25
44744 54209 8
13300 58244 23
27878 24114 19
14692 39414 31
46400 16831 23
23343 11010 27
506 50372 8
57503 12530 22
1401 59733 9
52024 11794 4
40111 53797 9
35851 5822 15
382 24645 9
26934 18136 9
42566 31471 56
26665 17930 8
7643 25059 7
18588 17310 4
47392 10312 3
22512 3050 7
21591 43110 8
7075 25847 18
51239 17404 71
1787 147 7
4190 4393 17
19989 1470 17
5768 36343 7
42232 28451 9
23002 42590 10
44817 57566 13
9886 33441 16
39282 17974 8
32106 24277 22
9926 9245 2
48919 3081 22
51675 47930 9
41424 53334 40
4661 1991 25
23290 48880 11
25001 48663 2
45251 40895 26
30841 45667 6
5239 54979 111
30132 27646 7
45058 12640 8
26907 11897 25
42173 1317 23
44694 18356 31
5913 56783 21
36643 26435 19
37846 15519 9
36281 30289 69
26030 55093 59
2665 19381 56
57248 6794 6
58651 5253 8
46044 51621 10
28700 3246 9
29307 50850 16
4807 34704 7
24800 52915 17
29809 30908 59
55876 48968 9
28016 29156 8
56790 18528 25
32387 37856 9
5730 19883 9
13489 51101 8
36163 23657 9
34243 38001 28
34296 21852 55
12251 4167 10
9042 53780 62
4376 18310 76
9433 55700 10
51069 26871 13
1971 51895 48
8154 40200 4
5002 1020 7
11422 46090 26
1215 48631 7
29130 28793 63
56063 48839 15
22481 48286 8
33104 3532 15
3252 39013 58
35368 46708 26
12066 56257 18
26028 13305 7
46410 37228 41
21276 11604 51
54883 2336 9
56540 9818 16
36417 8379 29
47203 58681 23
17057 7050 22
16915 28285 61
41227 42535 57
56727 18019 38
12289 16562 8
24031 50575 16
50850 55309 15
51776 42597 7
21997 15612 9
2471 49140 33
53393 21569 9
45608 59753 16
6711 13926 18
47174 29933 8
4158 46812 25
13655 34405 76
55982 15474 16
19415 51675 10
36663 13470 41
28914 27768 12
51780 54758 10
48816 27646 7
9491 36438 5
22208 7330 9
52861 50765 11
38745 9298 8
56968 7374 7
31990 10966 25
11227 29917 8
12137 55895 9
15044 53786 48
34439 47385 13
3932 44925 57
28727 14189 59
39997 40877 13
56713 52233 26
4907 25940 4
30909 8387 17
15363 24587 19
19748 8463 30
36370 42431 17
36089 53058 4
990 48167 18
15149 770 10
34264 21936 16
14033 54556 7
26766 42348 6
23346 27630 3
32335 59999 1
28040 14088 7
47569 19883 9
28028 24590 7
41562 16401 8
43802 45480 7
9219 26169 16
24646 42076 32
3226 35037 8
47872 50997 6
27765 28375 19
1020 39478 6
12471 36414 18
47521 53923 33
5015 26345 4
34881 10312 5
47490 684 7
25192 2801 27
55857 24590 8
18773 45299 23
39540 53026 41
49779 8154 6
18940 54908 7
37649 49892 32
54408 25778 12
21103 35588 8
43136 33219 24
51815 55773 10
11060 36436 21
56659 55305 7
51119 43400 9
36448 15158 20
29771 46812 23
28033 53902 8
17175 20654 61
35284 14114 18
45834 21473 3
35927 14457 79
23404 56884 48
48839 30482 14
2776 39952 23
36012 397 41
55937 52538 6
24056 59753 16
38518 30841 9
35810 5436 9
20570 42459 3
22075 41309 9
30751 25372 9
52696 8793 29
19084 29407 26
45457 9898 15
7590 28835 25
8564 14124 16
52954 19775 33
38369 7086 3
36408 56222 38
54261 56794 17
32278 34535 7
45032 24114 26
44202 49696 3
17016 31439 53
40941 27073 20
17884 8597 134
7786 18593 9
5268 24469 16
35395 35993 6
46973 21688 26
41433 11441 9
45178 49264 25
12415 23099 5
38800 23924 9
27303 27298 68
3799 40659 6
25673 48609 21
18474 9491 6
6744 24660 19
10481 27298 69
22184 43746 26
3892 26295 49
28008 34839 10
26292 1321 8
26750 3050 7
11801 25899 38
15793 21135 4
17227 32413 3
29980 13398 34
43998 39504 18
36820 19743 2
14543 29560 30
52248 3292 16
43126 50980 16
57670 14 37
6905 36749 9
22210 38512 21
30900 19439 7
6242 16145 17
654 33704 15
30439 57933 11
45111 4988 32
38131 55640 7
5977 16131 17
48654 8499 8
46560 51156 8
40906 42348 6
59969 31190 6
6991 4621 84
14967 2801 24
48882 2801 27
31645 633 21
14734 41237 23
56274 33492 3
10127 58407 18
52418 702 8
2084 29474 2
11893 20121 3
37531 55744 15
41359 48502 18
40405 41470 17
16494 45667 10
25095 26520 55
41943 57024 9
37603 47043 8
54990 44200 11
14048 38236 1
14462 44592 9
30422 38236 3
6852 35741 9
21754 59446 10
34231 22399 28
2441 59439 17
59311 54688 8
26279 6351 16
33077 53025 10
9065 41504 12
9341 54548 9
15697 4005 9
9221 37641 17
28500 53558 33
3219 22399 27
6833 25372 6
43503 11276 13
42131 8223 16
34380 30098 18
26735 32887 28
49872 31165 15
36607 17478 56
43523 23771 17
57240 35038 8
18635 16597 24
49603 24469 18
17661 58692 31
47459 48612 18
33054 58817 54
20448 44642 63
31484 23351 26
10405 22770 9
28902 31387 9
2749 46903 43
42735 52236 53
29088 20283 22
31086 29828 6
3971 30688 25
32481 14088 7
51468 56811 19
39298 45337 7
20493 8571 24
16088 15529 29
27073 44570 19
56430 29474 4
40790 25920 16
8302 44748 13
25254 47291 29
25273 40461 14
22787 17536 20
56690 4393 17
21776 30716 19
15169 51301 28
12007 22387 8
53154 1903 19
27355 25920 16
10678 56783 19
25158 43641 33
9721 7050 22
34148 3053 103
28694 37716 7
17811 4003 18
14473 28451 10
48663 38236 1
53342 44888 9
17450 42944 6
5603 26406 2
18361 40941 25
27978 28040 8
4931 5552 14
56853 32251 27
44925 13278 51
52545 38172 21
41007 13167 8
44566 40461 14
26479 18127 8
49128 14598 8
4193 40659 8
14690 17536 22
13673 49496 10
36772 3932 61
58523 57058 12
49560 49283 12
53804 33552 25
20791 50543 26
46816 20839 41
1931 58459 26
26133 35872 23
9152 41492 9
52478 4631 9
55700 33646 6
10619 36225 61
11980 32392 11
46456 35031 8
21793 22723 28
11441 23916 8
46411 47335 24
11794 20121 2
10307 25347 10
56699 23769 9
23724 20938 25
11248 4582 24
1233 57900 7
23072 9275 18
16699 30909 19
1952 19621 12
47522 10085 10
59793 28365 82
49056 59182 24
32519 43627 27
7180 50926 65
47401 56666 93
9137 58799 19
59754 18635 25
44012 1668 3
9780 56430 14
20367 16496 40
57987 23360 22
51775 14608 7
6939 970 30
41872 38078 28
32433 40263 9
49170 26011 63
9846 54970 8
52204 28194 9
25714 3367 10
1400 53342 10
4037 22791 25
43819 3113 38
23976 43274 6
18356 7486 27
16394 19119 8
39440 37991 9
34089 27823 28
31237 53394 10
33144 38606 25
18115 59554 13
25080 24710 10
13843 11830 22
5700 53643 7
26670 51750 4
28505 36267 13
40981 55082 9
9124 13918 26
189 52637 42
19139 33930 6
52921 43591 19
466 43400 17
54212 24233 2
29284 43857 14
31247 6591 15
17420 28496 8
1547 33704 13
23767 52129 31
7405 30310 14
40252 4075 7
28363 5620 58
36577 18104 14
35750 39789 8
45600 53972 9
11495 54192 25
15878 46560 9
28281 58515 7
53843 11008 5
40469 42610 3
21612 5436 12
29712 40633 17
46465 22835 108
40590 5000 9
52968 56144 25
20748 57437 18
34428 26697 4
16353 20121 2
10967 9470 62
43289 5891 3
41974 26697 4
43494 42459 7
656 14690 23
54760 33772 9
10399 50765 10
58911 43746 26
1199 22787 22
8314 26423 30
13077 28382 6
24036 28352 3
49062 19626 55
12175 669 7
6275 49275 22
25927 27152 28
29033 50850 16
48623 53042 19
34402 45480 7
26406 58092 1
1604 16131 16
41740 33898 4
37480 50336 38
27826 33737 4
29502 14476 15
19723 252 59
13136 51427 4
49587 33830 24
13236 20184 24
31899 17930 8
56133 32413 2
26295 32052 35
29027 35588 9
54079 50887 8
39603 17974 8
36637 4616 9
46036 11143 19
18325 10047 27
41957 58321 16
18377 12859 16
33646 36343 5
34618 4884 10
27969 42629 25
39639 50267 49
3631 58635 10
51230 42944 6
33434 12007 10
970 14607 24
21190 38236 1
22416 19201 9
43520 23769 8
43288 47314 18
25871 8544 9
28692 21591 9
31348 9696 9
10569 3292 16
41205 3797 45
52939 1845 55
31164 57242 24
50642 44111 56
48718 4075 6
10168 6794 7
58837 24690 17
31319 39635 29
13952 14462 10
7996 42535 57
46782 43040 40
53493 57024 8
32500 42348 6
4018 54255 22
26443 59483 25
33830 14174 21
51452 2695 17
21866 5552 7
58663 31727 5
45502 58244 20
33530 26287 11
42169 37733 4
17102 31540 9
11597 18115 15
54865 53643 8
58560 8690 30
50575 48663 3
46021 58837 22
20960 44249 32
36234 37374 32
25778 3226 9
13470 35195 36
6661 31975 24
44730 41425 37
57106 20764 9
18248 33991 26
9870 42348 6
40760 10231 6
42057 14114 16
32050 38025 5
20904 22696 3
51295 54556 7
20289 8571 18
50283 26754 8
18831 47556 9
13170 58515 7
21091 22787 22
48286 1912 7
34582 11525 9
3367 11779 9
15682 26406 2
38482 47509 5
18756 27010 4
24266 10312 3
21234 24090 8
5552 35807 6
7005 38236 1
8815 22384 12
56556 40940 8
36592 42307 26
42666 54548 8
28079 31778 18
28496 44680 7
3702 684 6
23499 47414 18
13984 21710 40
17018 33943 8
50980 53919 11
32899 23064 18
15223 26143 33
11525 7288 8
23421 50122 10
11950 36370 18
41162 21997 10
56138 4018 23
59294 55044 9
17342 38882 1
45188 58651 9
8376 58694 8
57956 37716 7
48395 35147 2
16860 30098 19
11730 54210 10
38520 45745 3
27677 1199 23
5489 48968 7
1052 15025 16
15711 34152 16
7617 3531 39
27447 33346 5
12350 29753 10
14920 51058 20
24698 15878 22
54418 49275 22
16612 869 9
4267 13478 54
34821 12323 16
40297 13642 9
3785 26069 7
21818 31975 23
59883 27542 18
4745 33338 13
51771 50843 10
39818 15743 16
40494 22399 29
21960 49962 7
27375 8786 3
25585 36081 10
11786 37641 19
33592 17301 9
43618 30619 9
6850 24957 26
20335 57242 23
24433 17057 23
8285 4807 10
4805 31997 29
4178 31769 7
31202 20538 63
7131 35099 3
8107 44175 26
41559 10687 5
27298 23188 61
29114 22387 8
48027 11557 19
58121 20811 5
47043 39086 7
56297 20774 29
20376 57635 12
57427 7643 8
29478 44440 14
57286 46903 43
14944 36351 52
33668 14796 31
29576 40263 9
40644 47538 23
24823 22844 11
53246 21569 10
24469 39470 15
50407 24005 9
48062 30516 7
59763 33830 24
28462 12120 25
15836 36438 6
47751 58323 62
27823 26143 27
50141 13120 14
20423 4582 24
57729 38800 11
49714 6591 11
5983 36343 6
10928 7609 9
9711 38131 8
20890 1761 18
18900 12132 21
41944 54538 19
41264 12647 4
43142 52442 3
37288 3702 9
46959 5493 31
23188 47841 60
33649 8597 55
41286 49104 38
46974 7044 35
8301 38025 8
37885 33791 10
13991 6281 6
57583 45667 6
19780 27256 70
33839 43301 25
11590 36379 19
36180 22366 2
44847 22770 8
43305 30949 19
27398 28836 18
50394 40519 15
1108 48832 62
11032 45600 10
3294 21137 39
55083 21068 18
6100 50790 10
35141 27632 18
6727 12175 8
9157 35851 17
34340 4922 20
51347 51934 25
18786 19201 9
46186 36151 48
13918 4582 25
19242 18356 30
23264 4644 19
9439 37542 9
23616 30359 7
58513 45728 8
15914 36212 10
40309 11345 8
30098 45608 17
23991 24590 9
47776 18019 36
36389 42173 28
22637 33930 7
49542 47556 10
18066 52637 30
13237 46529 6
31581 8225 11
8300 32413 6
33121 56248 60
3357 33646 8
22860 35851 17
15139 35481 5
37452 4658 26
35908 24469 16
44021 29407 27
41390 19355 13
34909 6658 10
23916 33943 7
55587 33830 25
25395 7602 12
15182 105 10
18485 12637 12
27955 56392 24
13631 29307 17
29099 673 19
15743 12323 15
22796 26171 9
6637 49468 7
8427 11475 21
57709 30082 11
8862 29088 23
53510 9818 16
17478 13278 55
31913 48616 23
39263 11525 9
58437 31502 11
49739 47440 13
53025 28358 8
43020 10687 7
26373 39010 31
33249 37529 9
6322 22210 22
58267 6128 22
48641 54192 26
31730 48832 57
12088 22696 2
6292 22399 28
30139 56248 59
39675 41902 9
47962 22316 25
13315 41309 8
53105 11338 23
3319 25000 33
54088 29407 24
53334 52495 27
41909 59446 11
13969 40911 20
32916 1991 26
51178 4746 7
14008 47490 8
7814 58092 3
37939 4018 23
8828 34908 36
32686 48776 8
16741 54970 9
3022 17869 29
12155 20792 19
32887 24350 26
28215 5891 3
47661 38236 2
59314 25766 20
27634 11642 10
17242 20235 14
17185 44233 55
9697 24266 4
20579 20587 9
37391 25940 4
29758 40402 24
2244 39478 7
28993 48497 7
35715 54605 32
19570 42921 24
45476 641 8
59140 13120 11
15995 52442 3
49308 46645 9
37799 59969 7
40877 12435 12
37458 49696 3
33975 35466 7
44280 25424 17
40364 32413 3
13781 13998 9
20620 59439 17
36879 45931 9
52115 26766 7
47703 13164 61
7080 49056 25
59310 29492 25
23423 51815 11
45117 15876 7
25215 40674 10
44656 19287 9
51301 38606 23
57082 59041 24
23525 52495 26
57615 27355 17
42426 45337 7
55727 18127 8
37986 33283 12
5820 30489 14
3113 656 32
39200 34247 26
54997 59753 17
54621 47203 24
2810 9108 25
40874 59984 8
41470 14114 16
47926 57801 10
43882 54605 29
48461 20088 18
8000 33617 29
39193 58244 22
41751 9501 7
41309 39478 6
25230 7709 12
1470 24660 16
3469 2896 73
33341 29537 3
41263 39216 62
18920 4631 13
57445 19042 9
37034 10886 8
43857 26864 13
47595 57735 28
6516 42451 17
56043 36343 5
25005 38815 3
43307 9470 72
31372 27394 5
8949 26621 11
30509 57362 4
5436 4720 8
46469 41514 8
11081 21569 9
54803 21091 23
19808 27957 15
40461 17194 13
23366 24036 10
34337 52637 33
38947 34152 16
38907 33762 3
1668 21190 2
2568 54970 8
11830 17536 21
12028 26864 10
30082 54758 8
53717 45521 7
54355 31659 24
26663 9672 63
8286 26169 9
34908 19278 11
30023 48718 7
45924 16394 10
5891 38815 2
53301 967 18
8188 55559 9
43064 51625 36
58888 42173 24
40674 41514 8
26335 33103 66
38882 59999 0
10602 24241 8
1317 36865 21
47910 11206 9
6096 39086 7
3246 18127 8
41293 4169 14
53722 46708 23
28379 53613 25
50676 30516 7
44464 5638 25
30289 2842 60
25580 58881 8
24985 35466 7
46944 33441 15
33608 33530 13
50424 34067 8
55174 58754 7
34311 12256 39
27715 13305 6
29537 32413 2
4005 54908 7
19997 33125 8
14299 4658 28
16831 21664 22
11653 33830 24
7681 30359 7
34870 21232 9
41137 52763 18
34065 51224 20
56666 13602 55
46047 19042 10
46393 32887 27
45225 27469 10
5981 4178 9
52162 36830 26
53251 52863 14
30633 50214 25
20757 8393 7
46876 54050 18
15669 39086 12
17695 54531 24
5316 24349 18
27301 21266 9
41601 35588 8
3292 54600 14
34805 8112 9
4510 35330 10
25617 30132 8
5804 43857 14
51836 49677 8
1578 13636 16
44676 30841 7
46094 28497 11
53600 27868 10
49446 33582 40
15424 9158 11
49121 27765 23
36553 52541 30
22366 59999 1
3362 28483 33
44284 41949 10
8622 18468 6
41338 17707 19
30141 13101 31
23787 10922 26
15858 34390 22
19144 42173 25
25761 8032 27
28063 21664 23
37994 33772 8
20338 37917 3
20881 33646 9
23011 41433 11
8038 53350 33
59924 53486 21
14456 3460 10
33030 36081 9
28523 57199 34
1539 36410 11
28791 40771 32
35207 31190 6
55093 28057 56
17344 28569 4
23590 19287 8
53310 28761 7
9696 42322 8
52597 1396 4
4881 45792 9
25929 47569 10
24910 54190 21
41455 41264 6
40449 45768 10
19921 36369 8
55783 19287 8
7132 641 8
4893 28175 70
13977 18125 15
45262 20584 9
23523 10602 9
41770 14476 11
34943 36749 7
45701 51801 9
41403 26599 66
32230 11823 22
55827 31987 11
13369 24532 23
38730 18441 27
58183 29474 3
54957 9835 6
54551 54190 20
14171 18328 5
48643 37877 17
22395 32393 2
54255 17536 20
37721 13889 23
18667 40849 20
45162 57243 11
30260 56690 21
17025 35646 17
38382 25587 28
39958 22189 19
20199 6281 7
32443 9721 39
59749 38882 1
16371 30067 7
6393 29852 32
33762 38236 1
37716 27646 6
19775 59753 16
9276 10660 22
32177 54309 62
50295 53827 18
57584 24594 34
35734 21232 9
46056 47661 3
20898 50336 38
56279 45742 24
47291 18178 28
44040 47 11
50828 46411 25
50555 49962 7
24613 10312 8
5671 18518 10
41638 54348 24
14352 47538 23
31753 41849 27
6733 42409 24
14476 35037 8
36741 55727 10
53772 53972 8
43029 24355 11
41172 14032 7
43412 30017 4
19961 6332 11
35852 5000 8
15319 9993 8
21178 14189 58
32096 31909 8
36830 53181 24
6921 53301 24
26435 45608 18
38576 42660 27
59784 14171 6
28853 28908 8
40317 1199 23
12239 10856 26
29816 52555 19
3300 27089 35
28268 55309 19
26327 4510 11
43481 10619 66
13697 45631 9
59797 2660 9
49209 45449 9
12714 54605 29
5717 57141 25
42543 17835 10
21266 43110 8
33041 147 7
46879 45783 8
55309 54600 14
31368 11642 14
25904 50997 8
9275 9219 17
33411 54192 25
766 43274 6
39723 13278 51
57190 23001 23
53350 57199 31
25170 37644 19
18422 10187 65
55812 51614 57
55187 13591 25
49656 46026 25
30489 7506 11
54874 7927 9
25954 36749 7
28908 35588 7
52751 14048 3
27010 38882 2
4606 262 10
14148 56257 9
14124 18869 15
50393 33307 15
57356 15743 16
9898 12323 14
2045 21679 3
44570 45608 18
4222 41425 36
26707 7609 14
55914 13631 20
18518 22218 8
55746 36929 6
5843 33214 17
40233 41036 9
8889 23296 23
23723 58681 24
24488 14088 3
26720 22316 24
2168 36032 19
53181 30062 23
56720 44730 61
57822 55895 3
16635 48573 7
35524 39041 37
59247 17739 10
14297 47043 8
35481 35270 3
42330 42692 9
22340 29088 23
15539 72 9
14193 26754 7
19111 14875 64
36700 31417 12
48180 23916 8
53004 54152 21
55493 38236 2
26624 33947 64
48045 33529 11
5999 37733 4
37714 48663 2
35447 40111 12
19916 56259 11
2660 1321 7
29172 59749 3
13628 19119 8
18127 44854 7
23057 4644 17
40340 46167 23
47930 11008 5
27951 43289 4
6844 11571 8
35254 34402 10
55828 52081 11
49810 55305 4
36778 52892 8
1321 19346 6
48703 58678 8
47817 14734 28
49375 59749 2
47377 22450 10
10088 36661 56
22673 37866 27
23443 6410 10
58466 49139 23
45123 59755 11
35737 5768 8
58721 41425 38
58633 50238 39
27082 31452 28
56330 30482 14
34130 55082 12
45097 26849 21
45550 4018 24
31452 46916 25
27868 48776 8
11649 56392 24
18849 56602 41
43110 6281 6
9890 49962 8
49562 20654 58
45084 44919 13
31417 37991 9
13120 26287 8
6942 40309 9
9934 6794 6
30877 47984 17
52210 31190 6
52453 49313 9
1214 18019 35
10886 29800 7
48322 6241 79
57415 39314 5
48592 7370 78
58846 43591 17
684 36343 5
43977 1787 12
11384 2246 11
50596 32096 10
9501 37733 4
58072 52727 55
6896 18224 8
33529 39298 10
55872 12088 3
55879 51301 24
1515 50980 13
39678 36351 53
32868 58092 2
14596 42210 8
21954 12164 19
18095 49383 39
50914 50424 9
27609 48872 24
38359 10168 8
2889 43301 28
31583 8918 4
35422 56149 28
22063 31181 9
36081 14598 8
19412 20283 23
53643 12647 6
2089 12195 9
55208 7802 10
50961 11475 22
28569 22696 2
34277 26960 61
44529 49426 8
29445 7163 21
16591 10015 8
43967 43268 20
1541 14734 27
37569 37733 3
31429 22871 20
20088 8387 17
49151 56540 17
45874 37503 8
4170 1459 10
41689 45174 48
40113 28836 8
46529 47509 5
12774 21569 9
57007 20404 15
2242 12647 6
29467 24432 8
56392 31975 23
10296 4551 10
23829 55828 20
55785 28382 6
3324 8786 7
51156 48718 7
38709 27221 71
39470 44413 14
57772 43857 14
15773 59749 3
37062 47174 9
5951 46039 5
13291 42414 56
19962 51287 8
33349 26701 80
6370 51636 18
55996 31502 9
28618 48880 10
16619 27124 9
37303 5804 15
5848 49905 7
52147 16565 8
59736 46498 35
18441 50543 26
42580 4698 11
53616 40982 7
33537 25445 17
51236 45521 8
2075 15223 35
59585 12007 9
34676 37963 12
6368 10047 24
12504 18327 9
26652 2695 19
54561 53394 10
51256 28388 9
47927 50122 9
31128 5015 6
12256 29852 32
29159 41406 40
20184 20472 17
5451 49468 7
1712 22544 33
18189 54997 18
14032 40659 6
50721 43226 30
42213 11801 45
52442 20121 2
21232 55407 8
43274 38025 5
59771 8843 8
53827 4644 17
13908 51750 4
16330 26589 16
26967 35235 43
50489 59446 9
3691 29474 2
56899 18328 3
2098 56747 60
26384 52744 9
13407 21664 23
28804 1547 16
36259 41237 24
6508 59446 9
7718 40318 7
29048 23356 24
13647 13036 3
28651 59753 17
27397 12394 58
13150 2815 27
21679 20121 2
57801 45783 8
10123 48754 24
32788 1233 8
5501 36217 17
25281 49275 22
21161 4222 38
37816 35671 7
9432 28620 26
7665 55709 10
11143 28558 18
16409 20584 9
26542 31645 23
57728 48968 8
22253 7501 30
55295 52950 8
11206 15973 8
36683 7358 29
59193 45742 25
11024 46708 29
37802 57008 9
653 1164 9
47693 56102 2
33827 55222 3
56027 53717 13
49256 20235 21
14996 28040 8
37072 28375 11
53847 44526 8
669 31478 6
46167 57724 10
4644 50393 16
45749 18644 31
16628 22384 11
57352 41293 18
43233 49425 24
20425 5983 9
27492 58658 23
34839 9711 9
27477 43110 8
21892 56102 3
48350 54255 21
39320 52063 34
10675 27360 30
36414 31778 14
13054 23916 9
56687 31190 8
54045 40874 10
44658 58837 20
49265 49275 23
20932 17057 23
47446 46410 42
35752 58443 9
30252 2084 3
59028 12335 16
23368 47898 33
46991 20711 5
59552 33785 5
9679 29800 7
16153 44847 11
35674 27152 28
1396 32393 2
56637 1109 8
2759 46957 62
32393 19743 1
49293 19507 14
52947 59731 30
17630 1597 25
22741 151 7
23608 26341 74
23062 29156 7
45912 32375 20
11276 51775 8
12612 53481 10
8904 42173 27
47841 26130 58
7442 1233 8
56884 49234 38
949 13969 21
49023 33830 26
12423 34428 15
17176 25554 19
25798 43746 26
51692 38815 2
37420 33830 25
14183 33307 15
2842 21276 54
16150 36496 28
34869 13077 7
12443 20458 22
36937 13761 19
18879 20283 25
49278 23310 16
46205 30098 18
11110 18310 58
49564 30751 12
25506 55752 7
17590 8150 3
1703 50301 7
33602 52329 19
1902 27835 24
49738 53472 10
57935 14183 17
39219 35824 7
4151 27630 2
25041 45457 17
47648 51357 19
14343 8271 9
23790 40118 16
52143 39470 16
42836 50790 10
39111 24146 20
23369 20121 3
54819 44526 8
48236 36471 9
15684 47871 8
30424 36553 41
4307 33943 7
11462 21232 12
51924 46957 85
4194 21407 40
28875 19039 8
45053 58199 9
14110 15898 13
2055 3886 18
4889 4616 9
14647 26908 5
6420 37786 9
41231 7086 3
10828 19139 8
50054 7374 7
58265 40317 24
58834 43064 40
51444 28963 18
25018 21190 4
38320 22218 10
1326 37045 10
37060 53919 13
44400 40674 11
7202 35459 19
47839 35038 8
57883 25484 9
28190 47468 30
23287 37503 8
34634 44592 9
28761 35973 5
4674 54348 23
24832 14114 16
46957 7642 61
30809 5317 67
23709 55493 4
22405 1079 29
11444 33830 25
3665 46061 12
28681 9235 9
18463 45444 35
21810 20013 71
2801 22316 23
53099 4658 32
31690 11377 7
5930 6794 6
7466 45160 37
22461 42229 23
22375 44925 70
20973 54322 9
15761 39298 9
56777 21993 7
35037 49962 7
16460 7373 9
35820 28620 24
45469 22387 9
14181 9721 23
21986 16741 10
40718 47124 2
46952 9528 12
9791 13036 3
10974 5997 16
59733 27630 2
24044 5768 9
11367 28363 72
15037 46991 6
7686 32819 9
46085 52546 9
20033 38815 2
9835 12647 4
58678 31769 7
54724 37397 26
1744 5092 25
54771 10722 12
19375 19507 10
262 19883 9
5458 19743 2
10827 45375 16
20404 54760 12
55190 43380 60
47714 26028 8
42331 16079 25
36073 47043 8
22911 24660 16
29915 41492 10
51708 12528 16
43095 9721 23
3817 23057 20
44368 7840 8
55105 59436 36
41394 57248 7
29072 5015 6
22929 46276 18
26520 5101 50
47994 1199 24
57241 58311 15
17159 4167 18
12735 50596 11
241 5533 59
15860 9054 78
50741 26143 31
19253 39723 52
38010 20654 58
52930 32165 54
854 42944 7
52792 31387 7
56048 29787 31
52970 36370 18
42052 11575 13
33463 25372 14
3010 31190 7
11157 40157 51
29227 23099 5
47509 28569 3
36351 42414 51
45521 40659 6
41660 32050 6
9270 20198 23
14137 34067 9
21407 43156 36
49306 8356 53
46266 3367 10
397 20284 19
1211 29407 48
12474 24320 31
52279 52950 9
33362 42597 8
11945 669 8
37856 11008 8
50142 54049 9
1585 42629 24
47124 38236 1
32365 56687 9
17859 11950 20
52466 21190 2
14090 38072 2
36059 9366 27
46233 8188 10
50184 7077 42
5822 27634 14
31575 6794 8
59439 15474 16
44096 8793 39
36369 49962 7
22276 9124 36
43624 16707 62
17581 9786 26
44136 18644 65
49283 44145 11
6279 6516 18
51471 8271 9
4287 28646 8
37529 19043 8
28483 4644 17
50293 56747 60
52017 45604 7
57066 54190 21
35315 53827 18
6048 48667 12
52173 55222 3
25111 12859 18
46565 24355 8
47989 10768 17
37130 53717 8
52351 39414 31
25838 16402 14
6658 1036 8
33492 32413 2
49160 1233 8
41744 48497 8
51504 38512 21
21473 32413 2
14569 38236 3
59266 28651 19
25745 20809 9
8387 52129 15
37228 36391 40
45442 4631 11
41086 58507 17
43510 31730 64
53197 90 17
22414 16758 2
32825 38771 10
706 55257 9
52153 14090 3
54235 47150 9
5385 39013 61
18220 31909 9
49324 29828 6
23157 25222 14
14036 28285 64
56247 1894 9
33445 30736 61
32476 52778 31
42409 48754 23
13819 19039 8
46502 35037 10
35396 48497 8
888 14048 2
59900 17210 13
24532 18274 18
22051 633 26
52355 52943 10
49140 53301 20
43321 29284 15
54556 33930 6
6524 36546 55
42071 32050 8
2258 23628 3
15718 53926 8
7802 54970 7
50660 26045 7
1903 24587 17
19530 51504 23
31471 38071 54
59683 16079 25
28653 1845 55
59661 42790 19
40597 5395 23
58340 31203 39
48781 22512 8
11010 37511 25
55086 10961 10
35536 54944 25
57199 18644 30
18019 29088 23
38118 40480 56
2577 49121 25
856 14174 20
23291 38606 24
42018 41433 11
14204 35895 13
34535 42348 6
30008 13502 10
32961 48919 23
41514 49962 6
58934 48497 7
9849 4075 6
2049 17210 7
7853 19991 39
22581 48522 8
6967 32673 58
45889 1515 151
21916 27646 9
37805 23277 19
32380 11631 9
3515 30232 9
15839 47989 18
45555 41514 8
49876 57242 23
15687 9054 62
55923 16445 19
22251 40118 17
1576 50295 19
2499 3209 25
1742 32413 2
41188 35099 6
36555 57243 10
24241 36343 7
43374 12435 10
22236 19278 12
4990 9248 19
5391 25123 17
31337 41492 9
58774 26423 35
56203 21569 9
49363 21569 13
28983 13120 9
21966 14476 9
3108 31909 8
31865 28040 8
35222 32514 55
42077 18476 18
40200 27630 2
10633 2084 4
49177 54548 9
28133 21960 9
21908 57141 25
25758 22543 8
7163 3708 18
48880 5459 9
56417 13124 56
15069 43717 76
11575 47564 10
59948 47124 2
13675 22191 19
52301 6727 9
35359 45728 8
29917 3050 7
7288 11008 7
40195 59969 7
20577 54328 87
4837 17878 24
55955 19775 17
25826 41441 26
57209 42239 9
58419 30509 6
18578 9849 27
13034 29156 8
56302 31909 7
57382 35807 8
641 31478 7
1699 23579 11
39649 58881 9
58028 56060 13
6006 42725 23
48776 31478 7
15552 11475 20
8708 55641 9
51934 23356 24
22845 26766 9
31077 254 8
18254 32093 11
12394 11604 56
24338 3039 10
17848 38815 3
13115 55128 83
47386 46973 29
29569 25506 10
53046 32335 2
12546 8173 11
21036 12647 6
8600 20973 11
22336 5253 8
22204 58537 7
20071 54387 19
48803 55257 9
57362 47124 2
29196 59483 24
49307 9491 9
17851 3039 8
18905 46708 30
11953 32905 26
21593 40263 9
25827 51779 3
50227 16271 10
32779 20329 11
45779 1982 17
15269 45174 39
28696 17678 9
17190 19638 2
10379 45449 11
47713 11010 26
6291 3475 10
49042 6185 8
15911 1503 8
16079 41262 23
12637 53367 9
2533 7642 109
42846 25954 9
27198 12533 3
31778 13120 12
42535 46475 55
8897 49275 23
42916 8904 28
49275 17536 21
314 48776 8
18423 3039 8
18559 5190 6
2134 41237 23
41772 50293 70
40158 45929 17
25252 26099 9
58945 4616 9
36267 39298 9
34959 31502 9
58920 17201 29
11571 25061 7
32155 54742 8
29933 11008 7
11604 52727 50
48364 45174 53
6148 57732 33
7793 57900 8
16991 24058 8
8173 7373 10
30619 37733 4
25131 17851 10
35617 13077 7
2546 40740 23
20040 17205 19
13106 12640 9
40608 28019 36
35330 1314 9
40197 46276 16
43911 30509 24
54862 7840 9
41564 29396 11
21468 35222 76
50719 7005 2
9156 7486 30
54289 1845 59
18013 36410 10
28129 33762 3
6128 44432 17
45137 16079 32
7324 14773 16
44679 51157 12
16223 48167 22
6201 47538 24
14372 31472 9
41244 55309 15
17431 22098 26
12797 20587 13
8701 24645 9
17353 14773 17
58160 35500 4
56566 17811 35
18490 14967 27
49234 18019 37
17002 47124 2
15040 9957 10
433 36774 43
8333 16612 10
41161 58779 10
57735 46090 26
55926 46952 13
44753 12195 8
5314 10853 34
17620 6208 13
44249 17201 29
45728 6794 7
5101 17417 40
33924 27477 9
44432 38087 16
39809 27756 7
14635 7119 9
26340 36414 21
48264 5639 9
16142 13697 20
47788 27823 30
39789 52627 3
55640 9491 6
37786 25372 7
52606 35993 3
10317 41307 11
55036 25097 9
42801 10127 24
2690 55641 9
31387 36343 5
12530 2815 21
45690 58754 8
6894 21688 24
59254 24114 18
27286 12007 9
50822 48663 2
16458 58749 24
54443 38444 34
5744 19287 8
30359 684 6
27256 49306 54
9245 58092 1
20429 46903 63
58397 11227 9
48785 52442 3
35523 4170 12
23928 26052 25
45904 47174 10
4332 8933 8
24579 54944 19
30641 50238 45
1808 21985 16
5879 24576 26
24432 31909 7
34693 56302 10
28665 41638 25
20227 3840 25
40008 24327 10
2246 53843 7
895 58888 25
46998 5451 9
52233 4363 25
53654 58183 11
59456 37063 10
5000 7840 7
52744 54758 8
37542 43110 8
31987 45337 8
10085 40674 9
47265 54691 23
31828 5432 25
33617 47335 26
49682 29712 18
29745 30841 35
14746 35147 2
9464 35066 21
17871 14588 11
38087 36217 15
23860 19287 9
6241 32673 59
51801 50634 5
16355 11008 8
31075 37623 3
2791 9721 23
54287 47871 8
32 1922 7
44748 50555 8
17739 35031 9
59769 31874 25
20839 59436 39
2214 36283 27
2435 46740 21
22214 28963 18
25347 4235 9
49294 29083 17
51777 21103 11
26183 10186 18
2723 51247 10
52089 59984 8
46603 17764 28
42414 13278 50
49190 53342 11
33791 32686 9
55033 28375 17
31044 57801 10
412 30900 19
45515 17166 37
24992 30688 27
9812 51692 3
55491 4075 6
29459 45749 33
56258 28116 28
26880 12533 2
40677 37288 11
8690 52495 26
2169 15682 3
19330 38172 21
9251 57887 39
32720 21993 8
54059 37716 8
25757 6693 25
2572 33801 8
51994 47640 13
22517 3789 38
49159 35587 27
36966 44272 19
1164 57155 8
33316 21892 4
8635 54817 10
44301 21190 2
49263 44708 7
19204 44169 11
54921 14088 6
23711 25474 26
37140 49962 6
51098 13478 54
45375 59554 15
15218 26754 8
40157 53786 50
57133 684 7
27202 28352 3
39010 2815 22
34737 35455 4
43358 54997 22
42001 42706 95
38469 30699 9
34038 25273 15
7709 23629 10
47314 13926 16
45683 48148 24
1581 20654 59
44769 39193 27
1036 34762 7
41341 40519 12
51634 35898 17
41395 53919 12
39013 5101 55
39833 17528 17
5173 38834 28
16713 35588 6
25766 39603 9
48128 36613 17
24381 56783 20
7372 31417 10
40257 16758 2
6105 17930 8
40114 28884 16
54959 1922 7
45976 4418 36
3485 53226 23
59330 5744 10
10559 7509 25
44914 20711 5
44145 3460 10
6947 9122 10
17054 47776 37
14419 38815 3
54577 41262 25
38072 38882 1
53235 9552 3
14242 40461 14
18072 37553 90
23278 3506 19
51689 14796 31
19743 59999 0
31475 52003 23
23834 48832 51
13543 39478 8
33704 33441 12
5134 57696 13
23908 44680 9
48863 52369 13
58785 52627 3
13280 32050 6
53397 18399 18
13173 31659 22
4746 45337 6
19692 44792 12
38478 8824 10
13069 33434 12
6952 30841 7
13591 56077 24
56251 5983 8
30878 18019 46
37157 39470 17
22368 29934 27
1912 45480 6
14351 9256 24
30028 57155 8
33474 48919 26
6281 38236 2
6351 10961 11
57667 6794 15
17475 35373 13
44614 50238 55
486 10961 9
47542 15223 49
49776 21793 31
38784 26287 9
8835 4393 18
34110 18399 19
51651 54970 9
7373 35031 8
30270 55785 8
58045 12323 16
33946 254 8
3954 16353 4
47734 14796 33
47797 39041 30
767 2801 31
59334 55640 7
31258 28382 7
56948 57741 8
10764 4167 15
23650 22481 9
11695 51309 56
24355 49962 7
33065 55222 3
46903 12256 34
6077 14 25
47182 48033 10
9256 20283 23
25097 32050 6
37063 31128 8
14754 37577 16
24710 5848 9
45210 7132 10
50301 38025 6
25684 48104 34
54742 57583 7
54600 59554 13
1595 53647 17
3845 51241 8
28548 56794 14
53367 19743 1
34026 7568 25
42348 28382 5
35100 37053 22
38274 25940 6
44023 57024 9
40211 52466 4
50634 2045 4
43956 38171 24
59953 34247 26
38407 28651 18
16483 11604 60
42722 47497 12
17210 41264 5
39441 37536 13
4857 11590 24
25974 25095 58
47893 43274 7
30562 2049 8
27756 39478 6
46530 39510 8
29801 1668 3
58658 23356 22
46347 47556 10
5309 1396 4
35217 26509 3
18263 58967 27
23628 14048 2
25792 43110 8
43111 6733 27
26287 15682 4
2547 14352 31
22696 59999 0
58303 45742 24
34823 58518 24
36841 55222 3
15904 11779 9
54548 54360 7
40895 16825 22
28793 58095 57
17021 20838 18
36039 2759 67
23405 13642 9
12559 48461 19
12221 2430 31
57510 54152 22
37537 4287 9
6715 1868 25
5410 3171 23
45360 20587 8
10660 16131 16
45048 3081 22
11528 3998 11
37630 29933 8
25568 48615 48
13854 30516 8
7463 52279 12
16269 10768 17
38187 55033 22
54478 36865 21
32104 12148 10
55912 9491 8
15519 45337 8
9022 11982 61
201 39305 19
12275 13167 8
48832 54309 48
14818 7996 58
730 1683 8
15153 4169 14
34743 2242 7
31770 34067 9
54566 37045 9
55686 25808 27
7874 42307 26
44399 55700 7
3081 25445 17
13734 37397 26
59295 45160 37
31242 7466 38
7923 39635 44
27871 51932 10
47385 18518 11
40763 47002 23
36086 26741 44
11381 12120 40
53362 16663 22
58141 58663 7
12068 22387 8
31786 29933 8
40402 22787 22
22871 24180 19
36366 17054 38
40818 5703 7
47484 48663 3
55582 50214 25
25708 7802 8
40575 58645 20
23451 39789 8
52546 869 8
43726 40263 10
9158 37786 10
42673 46410 61
40316 22696 2
57612 25808 28
32987 39305 18
57155 22218 7
46956 28382 5
53801 15539 11
17538 23099 5
55678 26766 7
2207 55407 8
20745 58518 24
58460 22336 9
25495 40200 3
55450 19743 1
17236 8824 8
58173 49160 9
19621 5832 10
50214 22787 24
18751 6271 4
9235 6794 7
16292 24587 19
35049 15239 47
24660 59554 14
13758 34439 14
34486 39818 17
3840 4029 21
51314 16597 28
9806 38882 1
47065 1459 10
54557 26871 13
24226 28246 10
23360 8994 10
47563 22469 26
26331 54605 28
25491 1216 40
9366 47538 23
36863 45480 7
35373 42035 8
20013 46475 62
14292 23614 3
11451 31766 8
33219 17536 22
4961 12175 10
7062 54348 23
53797 23916 8
48408 9156 58
17914 56257 11
50261 3702 8
2077 48631 8
2028 28815 6
9483 16353 3
41425 21137 33
18813 49892 31
26701 42803 78
35235 41425 36
11224 2759 67
48794 35872 22
39510 6833 7
17201 55686 28
52870 9275 18
39359 51870 11
56257 8824 8
22800 6292 29
52434 21591 10
30062 55021 22
24571 57566 16
26169 34067 8
18178 32887 27
28004 151 7
58779 12088 3
57982 8538 7
42376 55709 9
352 58092 2
21594 8544 9
44854 49468 6
49179 26589 16
40401 21937 24
33711 45382 13
27957 4169 12
14662 46068 9
39478 45480 5
59540 52283 8
28478 55790 7
13346 58817 55
43151 5671 17
54328 30736 85
8784 53246 13
22387 33943 7
10768 32370 14
12412 44792 12
58749 41518 21
58244 59554 16
25372 48663 3
3506 28558 18
57927 57008 9
39216 51081 54
36783 50684 10
1901 34535 7
29363 57243 9
39291 23404 53
44009 50850 16
11856 14148 11
1011 9557 66
1833 24056 18
52049 4752 8
15906 44642 53
38311 36469 23
52661 58681 23
22486 25273 16
7933 17764 26
52838 26864 14
27643 43380 67
54801 52861 13
48430 42431 23
56954 37397 28
57589 9672 64
45740 5459 10
56701 952 9
50631 59890 27
17301 1233 8
59424 42409 25
9054 53727 60
24110 25975 27
12705 58504 67
29789 35195 54
37027 7337 19
4483 9145 23
57269 50684 10
5238 56043 6
57722 16460 10
44097 28388 9
50493 59903 30
20811 40316 3
43101 41514 11
13761 26756 18
30106 14671 25
37697 37733 3
41197 46944 21
41607 29310 3
12195 49468 7
35506 27492 24
20711 28631 4
49357 27306 26
56543 13315 9
20774 27152 28
44376 46253 28
22385 22787 22
8592 8538 8
54363 54979 108
52329 21848 15
18109 36410 9
43762 6967 66
27835 25281 23
10186 29731 17
8933 5513 7
27338 49796 23
16499 37816 8
35533 35038 11
1535 38155 29
46361 933 10
39635 27152 28
28110 41137 24
9678 41262 23
13940 19304 10
1868 42629 24
9941 50850 16
29105 4483 24
1375 29083 18
55583 12120 25
51619 21818 24
58504 28285 64
58926 24327 10
34895 45045 20
18593 45480 7
11560 15682 3
42827 59753 16
44988 2613 10
18358 38815 2
22482 40263 9
59189 37716 8
52236 20938 25
55302 16552 5
41687 22696 1
17794 25277 13
45042 33830 24
29601 39789 8
15445 55866 13
42745 44144 10
29596 22387 8
34762 31478 6
16602 30751 10
46916 20283 23
12549 45604 7
31727 33737 4
25473 52521 8
46039 31626 3
46910 12405 10
46806 49139 23
20897 31987 9
28116 58466 24
48609 29260 20
3789 15223 35
22189 26171 10
25882 50238 58
50729 9152 10
45314 33854 22
16700 44570 19
58321 33148 13
50096 48663 2
33497 45212 8
42803 28365 75
28885 49139 23
54661 36661 56
1501 32554 24
31769 43274 6
32246 17342 2
35478 1317 22
470 16394 9
22895 11143 24
36222 22770 8
54663 26589 17
459 23057 18
46183 26406 3
18581 42414 51
20872 43882 30
9672 33947 60
40243 6715 28
9944 11893 7
39952 16184 22
7195 46998 12
54110 5832 11
16131 12323 15
57576 49431 7
9119 58751 20
7602 49313 9
51554 7568 25
52844 54209 8
36469 35872 22
57360 48167 19
36774 57612 31
18183 2424 9
59411 1215 8
13802 40895 29
45802 9501 8
26792 24114 23
57887 59736 37
23462 38815 2
9674 8897 24
51310 34531 9
42788 10312 8
54871 42719 15
28922 35270 3
18431 30516 7
44239 54817 9
24513 4294 45
55554 42893 8
5769 56077 25
24846 8538 9
23549 32050 6
59714 21434 5
25804 14457 55
52886 4631 12
4003 9452 7
59669 52690 10
40534 47714 9
58057 36865 23
38691 42426 8
33338 4005 12
43090 32413 2
28848 18614 41
31595 43259 14
10366 21276 53
33863 7840 8
40171 7609 9
11527 14607 24
51016 31478 10
3951 14598 8
30233 35037 8
43554 1683 9
41845 9870 8
10231 28129 4
18804 1459 9
3744 1902 25
39501 52793 22
4966 47551 26
27587 14690 33
40345 13729 17
1616 26445 26
35466 6794 6
3209 27492 24
22770 34762 7
29393 46479 8
53902 54210 7
38160 28496 14
9404 12797 14
50592 31478 9
58360 24590 7
48419 14796 29
51995 52970 19
50538 56144 25
49555 47252 12
18646 39216 65
28889 33991 27
770 21569 9
14617 43142 4
5432 58518 24
55163 44676 8
49905 22395 3
24478 1321 7
763 10870 60
11847 58092 2
59597 52546 9
59554 55727 9
11475 8837 19
14346 8835 19
27354 24090 8
47246 13278 51
48540 41478 11
20458 28375 15
288 38025 7
15285 47984 10
4318 28352 4
34775 55700 9
16707 15223 38
15605 26115 25
11128 23796 53
43236 22399 36
21197 53558 18
14263 24350 36
50395 59903 31
5337 5703 7
18355 5451 9
54050 19775 17
6208 55866 12
29644 38025 6
37370 44847 10
56570 35993 3
31605 11642 6
34329 24488 5
32426 7514 36
54090 14114 13
39072 31930 10
3194 4231 61
43806 13077 8
11479 54997 19
14947 46627 36
10613 11801 41
43774 21473 3
17063 16280 7
16673 17368 12
5703 50997 6
18796 24660 16
702 38025 6
52842 16280 7
54944 4190 18
2632 5253 7
48962 2842 57
28891 19883 9
1892 37816 9
20600 14352 24
17999 54027 15
55528 36929 6
44413 41307 9
19368 44380 10
30374 54079 9
48376 25192 29
3336 12440 29
58736 13478 54
35645 55752 8
41653 34038 16
57780 17695 25
19400 35099 8
1351 5343 64
59466 42307 27
8445 24635 5
56664 55790 7
18110 37733 3
14116 3156 26
42185 25804 69
36546 13478 54
49468 36820 3
26360 57224 8
6154 38236 2
26422 47248 4
11336 7681 9
20732 42868 28
22130 25617 9
53035 5253 8
7201 37381 12
4539 49170 64
38667 12440 28
3067 19042 9
23356 44276 20
49851 12155 21
58051 33704 14
45667 36749 5
53245 18019 24
52303 20276 30
15451 31077 9
45212 55790 7
26960 32514 55
18637 7260 9
51614 56884 55
19278 14476 9
44323 10687 7
26662 8282 38
18359 23121 36
26871 52996 12
32493 30132 8
29723 53797 9
6801 5552 9
26099 34704 7
52872 3560 23
22569 20121 7
15526 6833 8
8012 12263 13
5549 17420 9
44176 25949 25
30736 18614 46
2086 45745 2
48573 30668 6
26063 4658 25
13411 24114 15
13124 11604 52
51755 47703 62
53923 9786 24
35824 32413 2
15369 47002 24
37330 513 24
22389 19786 11
45994 459 19
44678 19883 9
7208 12533 3
41391 21936 16
40346 54908 7
26681 2913 10
36181 14608 10
8379 1991 26
41635 48350 23
11850 59903 35
50466 21664 23
25162 30376 14
51965 27364 20
44800 58513 11
48301 39298 8
54586 4483 24
7868 48776 8
41759 35038 7
52609 28382 5
23217 36267 11
23864 56138 24
48612 18115 14
44111 52727 53
55351 27297 12
41726 24350 26
48615 42547 42
19797 24114 13
45610 25894 10
12120 56178 23
37351 5552 9
33737 1668 3
6240 38091 9
1664 13305 6
43353 59483 33
51415 50301 7
40165 45604 7
32392 42239 9
1761 21708 17
51357 42827 17
5952 58120 31
48375 41518 22
46161 18386 16
48314 31659 24
59432 43028 14
52826 35031 8
36848 58045 17
5317 30736 64
47140 50393 18
6449 9275 18
28805 43388 7
11231 12175 14
37602 1164 10
17974 43110 7
20472 48839 16
32982 47002 24
347 14452 8
24325 188 4
16888 44642 56
45398 44680 8
44732 27957 16
17906 58504 67
45299 46502 20
43900 50721 32
27007 7075 27
36900 42307 26
33148 28983 10
8176 42597 7
30901 9552 3
25629 29071 7
42839 29196 25
13642 35741 8
30848 42173 35
25847 10768 17
5097 18920 15
49512 36438 6
7509 4582 24
2336 15973 8
56811 56405 14
23977 55857 9
47468 49275 22
32724 24005 9
7050 58244 21
28646 31909 7
44548 39470 16
44615 21852 56
5088 3691 11
23277 49381 12
52499 39878 25
31479 6967 61
54765 45604 7
50650 18356 29
52863 19743 1
43630 702 7
51309 18644 33
16139 45480 10
12773 58586 43
3341 6393 35
48166 5190 9
21257 51504 23
50734 58057 27
2535 11779 10
51899 52369 11
38062 26431 19
47440 34909 11
16663 21263 19
24802 33898 4
16334 36820 4
15421 36351 53
29822 50149 8
29428 9718 9
21040 25808 28
47807 59969 7
17941 41231 6
809 43358 23
3156 6733 25
2404 58183 4
53472 6637 8
35741 31190 7
34079 49306 59
55858 55640 8
50629 46475 52
45762 5002 8
46090 4363 24
57723 25975 25
6778 4666 9
35303 29114 9
49676 6087 26
22408 50372 8
3455 23405 12
56731 54088 27
34548 28600 17
32773 8153 8
10327 33801 9
39323 42459 2
4436 3067 10
56747 645 55
19308 36080 16
19452 55746 8
27522 7044 33
13095 28116 30
59999 59999 -1
47853 48497 7
11628 33307 15
22380 10877 19
59114 28646 9
12801 39723 54
15462 42610 6
38180 3050 8
34146 47402 8
13994 32154 16
7527 7594 8
53995 13969 22
38363 20792 19
48148 397 23
26198 3292 16
14457 16597 24
51486 1808 17
34557 14875 63
42431 4916 8
54209 55640 7
51188 4151 3
33238 42173 28
1102 14078 28
1933 32050 7
34989 51230 7
54356 17201 29
12133 19139 7
59436 41425 35
43222 17974 13
22143 8862 25
43905 18327 9
56259 43622 10
2424 34535 7
975 40718 3
53786 21137 47
26130 42566 57
23249 52968 35
16825 49682 21
27366 16692 34
9371 30132 8
27769 42597 7
58278 42725 23
22073 54212 3
12185 58515 7
16930 19647 13
50754 53350 35
24436 2207 9
25560 34247 26
6878 44570 21
45444 51934 33
44963 50850 28
5666 42459 12
12647 5603 3
47640 25778 10
14117 43225 56
4912 44592 11
37917 38236 1
8677 6693 20
4616 14598 8
18784 6208 14
40509 30238 30
889 4151 3
20198 11830 22
7058 31320 9
7594 39789 7
3608 7642 60
45174 55686 28
17092 42459 7
14452 50997 7
10795 35524 43
26593 6610 8
18856 5002 8
32655 45862 24
5629 31033 23
17144 7119 8
18416 22366 2
41444 42409 25
5958 42348 6
29560 4363 24
53486 2915 20
50373 55866 12
12437 48754 23
8544 4746 7
2227 15265 20
58776 47693 10
15660 54758 8
35637 26423 30
28482 32413 2
41836 20800 16
56565 23199 14
28963 45608 17
52226 28620 24
9201 37063 17
20434 9484 9
27064 7288 8
40629 11557 22
850 56666 56
952 39086 8
48386 35270 4
28465 12007 9
5188 30688 25
3569 56102 2
52894 25445 18
53780 9672 61
43380 18614 43
27646 36343 5
22778 5451 8
46687 1765 10
37644 25067 18
15973 33943 7
15855 28835 25
16579 18328 14
12367 341 9
20691 3886 26
460 29474 3
8686 2815 23
38092 2613 11
31165 30509 9
25317 29858 9
57881 30456 12
37750 13120 9
13867 8150 6
5638 38171 24
19192 54322 9
54662 38087 16
29304 55641 12
31782 33307 16
12214 43225 57
6767 25927 29
44819 8284 6
5331 57503 24
31766 38272 6
20329 4698 10
16535 52901 20
5857 29934 24
14168 49160 11
56099 41237 24
47382 41740 8
10856 28620 25
10054 7609 9
7484 18386 12
31185 11441 9
28409 31769 7
21853 54662 17
22041 39440 15
14937 4637 9
58311 21125 14
35242 46475 70
1139 34247 26
32047 55785 7
13963 32393 2
51040 33737 5
4169 8153 8
38630 24114 18
24594 42142 31
16408 35237 61
11434 50648 24
10877 2915 18
41861 57900 12
38864 2028 7
51917 19219 82
33919 23976 7
1141 51581 18
51052 48929 18
10673 51241 16
1115 768 58
22474 3789 52
3887 30017 5
46640 21190 2
53906 42629 24
40834 44413 15
2675 14 24
10870 30736 58
43201 53440 23
39985 26103 10
21985 55309 15
30699 33772 8
3092 46956 7
46061 36400 11
50965 14563 7
29524 18019 30
6487 29917 9
7557 44925 55
45983 41391 17
19546 49425 25
43282 31190 6
59984 5253 7
27764 53301 21
49220 48962 99
35881 52357 9
40665 7048 7
10434 45360 15
43214 6850 28
59866 42535 60
17310 20121 2
50351 11557 19
43717 7642 60
33176 9835 9
14088 22696 1
3346 45783 7
36738 34133 13
41478 26103 9
47383 21180 16
40602 40577 21
18386 35099 4
23796 42623 52
15871 48394 8
41884 21190 2
44233 21276 54
40480 8356 55
15571 35752 15
49896 37503 7
58817 36553 34
53261 22384 12
13098 51241 9
40525 16530 16
53226 56178 22
30864 20284 18
13926 26864 15
18180 39298 8
25337 16565 8
58537 48663 2
56175 26509 8
10518 35147 2
8918 58092 1
16099 314 9
23245 18796 18
21710 38155 31
8438 21664 22
53937 470 14
1853 12549 9
3513 20199 10
13338 45457 16
55412 14048 2
47645 2045 9
56009 18375 75
35485 28382 5
5997 9404 15
7337 16999 16
41729 45608 17
20401 40906 8
25690 32278 8
12254 24587 20
29575 33931 24
15876 55493 3
27272 53456 9
27676 5015 5
10580 41237 23
36749 10312 3
47916 12533 4
20250 19507 10
26066 7793 9
9409 13411 16
21792 37338 11
40671 50634 5
3171 55021 22
36713 55033 19
15025 43905 10
23684 35750 10
1327 44155 8
25587 42173 27
47771 49005 7
30595 46973 31
5092 10671 20
36391 24103 39
22316 1597 21
45508 45045 21
53645 31258 8
51224 24587 17
52731 16334 10
4014 7605 13
22671 28451 9
42210 31769 7
276 43301 25
16558 3292 15
11759 58754 7
30873 45742 24
57776 55559 8
6032 24327 10
1048 43802 10
25894 26103 9
9958 1585 25
28400 50238 37
29035 4393 17
11581 31813 20
53262 16958 21
52950 31478 7
2781 43951 8
54484 47538 23
46272 58779 4
52207 18136 7
56023 48497 7
6035 35588 7
53723 55222 3
2037 48142 10
28818 19638 3
32445 43956 25
36400 46565 10
12267 6795 23
37877 46167 12
4023 5092 24
37637 33434 11
40036 1224 48
53446 22366 2
49950 30688 25
29206 55752 8
50543 16597 25
18766 13280 10
50648 22316 23
27454 39305 18
15612 1233 8
28454 55295 9
54056 52901 24
26076 4005 24
1411 53367 2
58095 5620 54
22740 33702 10
18073 42459 2
51829 38606 26
1503 44854 7
31848 24710 11
40837 18581 59
2755 16496 42
5557 57242 24
46148 49905 6
11345 6281 7
58459 5493 25
21212 33441 4
41406 21407 37
12198 23924 9
41337 59796 4
58323 15008 60
56195 5891 3
12231 2079 4
4752 40659 7
32222 53042 18
51844 36741 11
11377 33737 4
33785 29828 4
28358 50997 6
38272 25167 4
1031 6637 8
57441 29474 3
19398 42426 12
23832 26099 9
25735 14944 60
53086 5047 59
38185 18468 8
10403 48522 8
47742 45093 26
59041 31659 22
35646 45457 16
9049 11689 33
24562 6610 8
24049 17409 9
31930 34522 9
19968 11024 33
55407 11008 7
17409 25372 8
17350 21936 16
19627 55955 18
16419 41237 24
44276 24056 18
28631 58092 1
38372 20587 8
7615 46739 81
49860 17201 30
30838 22999 23
26416 39678 125
35917 49140 24
46550 37503 7
36496 42660 27
5774 23616 8
1991 36217 15
26592 11897 24
52775 53481 9
58692 43627 27
51947 41425 39
25762 9552 3
20163 31337 10
25657 3367 13
912 18588 6
39285 55641 9
34108 21664 27
53317 38588 25
8837 29260 18
42076 26143 29
29399 10687 8
21183 30699 9
42877 30523 39
34358 32335 2
10888 34707 28
24098 53055 20
42394 11008 9
46442 5526 18
13914 55641 8
12561 36865 23
27166 11830 23
57900 48663 2
13912 11008 12
51838 54757 28
14875 11850 46
48706 46475 63
30265 44847 9
9132 27338 26
48929 28418 17
19479 28548 15
24030 30633 26
40555 52844 9
15213 57199 37
13441 25940 9
50971 15911 10
25057 18476 18
12000 18019 35
31979 51427 2
57014 5092 22
5619 25940 5
16431 31320 9
53346 2045 4
47548 10127 23
1884 3341 39
48986 34067 8
29791 55955 18
1963 55309 17
7264 33341 10
24944 41849 31
52141 6498 11
15721 27124 9
5606 42210 8
36053 29623 55
13564 29196 25
34390 42827 18
10966 1199 24
6610 5703 7
12099 2815 23
10853 14796 32
30482 33441 13
35872 2815 21
1844 26849 25
47 31899 9
7374 42348 6
46804 6271 6
38301 30232 9
25920 9898 15
27280 58467 10
29677 16597 25
50372 36343 6
50209 5088 14
45593 20640 68
43986 21125 13
7191 47693 7
7260 28496 8
18238 27764 24
40563 40911 22
43627 19144 26
40184 24957 31
42696 32393 10
2389 55128 60
5569 32433 12
14991 25097 7
30879 14476 11
26983 58751 14
51021 59733 9
51469 28265 8
55360 43142 5
31954 22660 29
54259 18644 32
1449 14263 43
254 19238 7
3609 15904 12
19214 11801 43
20880 25484 9
51796 54908 8
32260 57242 23
46595 29407 25
15013 51581 17
39592 47446 43
52619 49375 5
34115 7627 10
55732 21178 59
41202 9461 25
19178 15008 81
18468 41264 5
22028 48962 67
20800 54600 15
52181 17450 7
3099 45360 10
9014 32788 9
31063 31077 9
17973 32413 3
5889 9219 17
14923 18125 18
24180 52838 15
4574 52003 23
25370 24058 8
44953 33930 6
53941 59733 8
45618 46740 6
32221 3708 20
39922 25903 8
18063 27630 3
16048 55468 12
55271 40401 26
10351 16635 8
7501 26143 28
42494 38512 23
41358 4961 11
46814 39305 19
59711 55677 47
23517 17951 70
41696 32413 3
31360 38709 85
19911 51718 26
51865 2801 26
36788 41902 9
28276 25629 8
8277 44176 26
30516 4075 6
19851 23072 19
40664 38771 10
10897 50122 9
50149 57248 7
7492 37458 4
39564 50660 8
58889 53226 23
53380 8571 22
58645 29983 18
26955 3886 18
9184 23832 13
48930 633 19
54873 12437 24
41807 11143 25
18538 46565 21
8997 38691 10
57221 12583 24
35006 15405 8
19249 7793 9
52996 38372 9
39095 8032 19
5813 2084 3
17212 49696 6
30350 4644 18
55856 53579 9
51698 55783 9
15265 49817 9
44526 50372 7
44708 32050 6
41325 30098 18
57214 11893 4
51789 53972 8
39011 40577 24
28718 3886 18
36171 31975 23
49413 53042 18
59684 14690 23
18120 56392 24
56118 55879 28
24930 50122 9
56301 37750 11
18877 47150 9
25310 34152 18
54979 22924 78
10608 33283 11
1456 36043 11
45535 48350 23
4733 8538 8
21861 47509 14
16402 35752 10
23535 633 22
1099 13164 64
43699 57503 23
47498 32519 28
9786 22385 23
39875 21569 10
30910 36496 28
28189 37063 9
32832 869 19
38059 51934 26
8208 55641 9
23064 51581 17
23488 41305 8
33851 1314 11
59859 35820 25
53820 9870 7
46739 27221 71
18899 42035 8
52690 38688 9
21107 53367 6
41093 21993 7
2443 41980 8
39412 51718 24
32514 20538 52
11464 14967 26
41213 24985 8
21125 4169 12
45695 15682 3
46160 54548 8
49985 56429 10
9452 28815 6
24757 21960 10
14144 37458 7
34993 18614 41
22978 50295 19
9149 967 18
47400 18386 12
48181 7466 41
7178 42566 57
58660 13904 31
52990 52109 26
44680 36749 6
23310 24660 15
59584 35807 7
39480 52089 9
45110 28835 24
52296 17882 10
53579 14563 7
6693 2045 14
16972 14773 16
41949 31899 9
19726 641 10
4075 28382 5
9968 36637 13
33959 32481 10
10015 3050 7
53456 28646 8
41239 25808 28
44291 40665 9
17893 26864 12
55790 40506 6
53145 52614 17
39312 5703 7
25093 12007 9
58399 29459 34
5862 35147 2
50733 9552 3
29588 41237 27
4116 37714 3
54387 40790 17
42868 25808 26
48296 32050 6
39631 59749 2
6795 52901 20
58407 5804 16
9528 27195 10
7119 33706 7
33039 54795 23
14214 48891 17
26069 43274 6
56178 17536 21
39568 55836 4
23579 10405 10
56555 34535 7
40642 29407 25
43301 29407 24
20116 22641 18
29893 21137 41
59302 29623 79
21869 3475 10
14888 31805 8
31659 52793 20
2528 7486 29
23038 8150 3
29348 39298 8
26158 55727 10
5203 17210 7
6937 49292 20
28199 47871 8
49679 26360 10
30047 24005 9
31821 55128 57
50926 5101 56
22698 9275 18
9469 31008 8
46211 3460 10
24058 56043 7
39125 12583 23
40633 9818 16
10003 32766 30
13954 49905 8
51039 55559 8
24635 59666 4
14856 25949 25
26059 484 8
22056 49026 19
55474 21180 17
43319 24660 16
32884 14452 10
46179 27073 20
22660 42173 27
36465 55746 7
19013 28382 8
56895 59999 1
13305 36929 5
15575 1326 11
4921 57060 17
45595 45742 25
45662 17800 17
51921 645 55
51636 20800 17
49150 35485 7
4157 25231 25
8313 38328 18
40121 46456 12
22635 46167 26
694 34000 19
7341 8538 9
52023 58736 55
34401 16431 10
35031 11008 6
20538 13278 51
13171 38703 24
57381 9122 10
25913 40257 3
47433 48148 24
46588 28853 13
37641 5804 15
28265 49905 7
26186 36043 11
22789 15008 63
44937 35993 3
15239 27082 40
21970 11786 21
9787 43857 14
31940 17125 26
38489 25000 24
744 36389 47
56509 51357 19
51284 20199 8
36335 33091 8
8042 55671 14
45548 58515 7
42692 34067 8
30316 1314 10
56121 12335 24
4869 17194 14
15308 22512 9
16502 14241 8
59026 15747 10
17375 42215 10
26535 28462 29
25155 56144 25
18272 25975 26
834 35777 11
48411 16280 7
6329 16831 23
54606 16562 8
3512 14690 24
32375 21125 13
3560 49275 22
10332 18270 30
14648 6952 8
17325 23375 10
8016 1435 10
35534 53843 9
49285 33039 25
43613 25778 13
32731 29310 3
56135 56178 23
38955 10130 9
19537 52003 23
5395 24587 22
22413 33943 8
24492 33830 24
36254 934 19
16530 33307 15
50935 47140 20
27219 11067 21
29829 54050 18
42205 58515 8
46221 31478 7
22186 26593 9
34704 32393 6
51625 15223 34
56365 19242 31
7514 13276 31
50854 32433 10
3029 39635 42
23478 53440 24
10187 30194 55
32827 856 25
42576 55654 14
59643 44615 62
29974 20745 25
734 33772 10
48496 12007 9
57635 53843 8
54549 55587 33
32556 58072 59
32103 52901 22
24296 26633 27
34654 26185 24
27572 26589 17
21351 38180 10
38465 32001 9
31559 47124 2
50066 7609 10
27783 20121 2
50794 34704 12
19517 41957 18
19355 34704 12
36032 58751 17
46503 39564 9
21790 28600 20
20324 55241 22
33125 46272 7
15988 8463 29
13508 15098 13
25824 45931 9
17678 53083 8
44005 26701 84
31720 16280 7
23867 23629 10
34371 11143 19
38487 26169 18
5678 2568 11
22664 12647 10
32746 8837 22
49198 21190 2
4393 26169 16
15163 41849 27
574 35993 3
24103 12000 37
39878 9898 17
15960 33991 26
2402 9073 15
42798 50926 63
40740 1317 22
11249 51287 8
40550 37806 9
18964 18272 37
10326 7050 22
52148 17869 30
4294 18066 38
5293 39041 33
36343 14088 3
5471 57566 11
34000 3010 16
26908 53488 4
55241 37644 19
33408 13969 21
14671 20235 13
29063 10127 23
44747 19479 19
14608 32050 6
55108 43699 24
28639 49796 27
29976 38369 5
13386 28388 10
10536 33617 28
14024 44953 7
33407 4510 14
947 24432 8
26589 44413 15
6498 50555 9
10975 8538 8
55153 30809 73
42047 52690 10
20680 2565 25
5122 16635 8
4433 55021 22
12843 55274 26
40659 36343 5
2187 14996 9
39151 36496 28
40536 49738 11
19273 21708 18
19340 7840 9
1147 38155 29
16678 45375 16
51686 34611 28
10779 58515 7
22982 43400 8
28884 26871 13
35489 26406 2
52669 57248 7
43089 36217 17
56577 50965 10
26929 30841 8
57165 57583 10
36266 20121 2
28789 45480 7
36566 34406 54
14921 31909 10
26565 42431 25
26715 52143 18
53005 17628 13
21297 50293 69
45622 58092 2
14174 46944 17
52129 27811 10
19043 31190 7
18993 29048 26
31320 38882 2
12157 42827 17
43044 35741 8
55671 11759 10
12106 52019 8
32525 9898 16
10134 16355 9
38512 33214 13
54242 53362 32
35671 46956 6
21130 22696 1
51282 28884 14
46765 4363 34
17411 3108 13
12862 19816 9
3443 54309 53
25590 31237 11
8112 20309 8
50964 13305 7
18477 36343 7
10691 25242 16
7048 31387 6
580 6794 8
24477 42409 25
42879 49851 22
40988 34390 22
5343 32673 60
12691 22380 20
1720 11441 9
58635 28352 8
28403 45683 25
30600 44854 8
17192 4551 9
1024 44331 61
57508 14476 11
46941 50373 15
5437 25913 8
35004 46812 31
1894 31128 7
20794 11653 29
3797 50174 32
13507 44953 11
49303 38072 2
42536 4307 10
27277 39994 10
52333 58813 11
47280 8904 28
21328 38236 2
57562 43746 26
55035 52863 3
49721 44323 12
59729 48497 7
43226 16079 29
37375 17404 60
30339 21137 41
16858 56429 9
21688 54531 23
25222 17409 10
29071 44155 5
30891 51287 10
8137 5188 26
46553 14343 11
16982 5843 23
36651 1761 19
25067 43986 14
7077 3341 36
54192 23356 24
27767 36900 28
32678 17002 3
38703 41729 21
54995 51836 9
36272 25949 25
8638 40906 7
2558 52521 8
4494 16628 12
12577 45515 39
43208 50980 13
9649 56348 28
39742 26864 14
13275 57248 7
25033 20199 8
51537 29156 7
23403 26615 23
57268 768 57
59657 23616 8
32250 41772 72
2352 14048 3
40265 19042 12
49892 43111 29
43175 47494 32
252 56747 56
20283 22787 21
49796 35872 22
13513 47265 26
12352 10722 8
16792 4616 9
48587 43282 7
13218 12533 2
48754 23356 22
55895 59999 0
52252 53086 62
7591 19308 17
16241 11345 9
35973 8786 3
33283 53035 10
42908 54192 25
44886 9649 33
23307 54997 21
50012 56556 13
33931 17536 22
4754 58663 6
39185 37045 9
45435 29474 3
3886 24056 17
14252 57415 14
1558 31987 10
44895 26446 26
31760 10687 4
16623 43627 28
17536 55309 18
8393 41264 6
29913 10671 26
52711 36438 8
6695 12533 2
18734 43307 79
30311 25708 9
49292 29035 18
19567 27394 5
22999 59122 21
58023 47661 3
16676 22991 29
41314 2469 56
49956 59969 7
37071 20584 9
17046 40791 22
32688 35222 67
26437 34390 19
10494 5843 19
33552 4029 20
57227 18614 39
22528 15396 35
21285 39818 17
44888 869 8
51173 17450 7
22399 35478 25
38917 7238 12
37254 341 10
32769 56203 10
20645 20484 9
58066 3156 26
41441 90 17
16084 51625 37
36009 26287 11
7133 18328 3
13414 23709 6
20214 7909 20
16540 33857 8
49440 46498 33
56062 51504 34
39350 31475 24
25424 9073 16
38075 44020 36
32484 10660 25
40532 3560 24
50698 14967 25
40208 44676 9
21396 45730 21
19219 48832 61
33679 54758 9
25710 20121 2
48227 54758 8
23375 1503 8
28976 33592 10
34405 13278 55
51744 58045 17
45792 58881 8
25899 6393 36
16015 8622 7
2340 43802 8
11284 20235 15
16215 38495 10
3403 5047 45
1342 58678 12
48812 51357 18
783 6794 7
17059 57150 33
26124 20199 16
58593 14598 10
27190 42239 9
39529 11830 22
42451 22721 15
15497 11963 27
20042 58692 37
40386 28116 29
4010 5958 7
21180 55773 10
39772 3886 19
48969 31540 9
31386 37786 8
2297 41009 9
22685 4884 9
18375 13478 56
2494 37060 15
48477 28651 18
15636 22399 28
10937 25167 7
24707 4907 7
78 13411 18
7109 766 7
56405 28451 9
32185 20851 17
39432 49962 6
29843 25981 21
13003 40635 58
19346 33960 3
1150 11008 8
51704 7793 9
44628 20033 3
41009 55641 8
33273 57221 25
37643 21613 10
41613 38265 11
57696 14781 11
49381 3050 7
46708 17536 22
18086 53440 23
39661 9870 7
59731 17205 18
15231 4746 9
54795 58244 22
46824 17310 5
18604 7370 82
28055 43817 27
32452 47400 16
6185 47930 6
49431 21190 2
49873 58407 21
13527 31778 15
332 6735 25
28233 1597 25
21137 18019 32
26341 44233 57
32370 12788 11
8223 28451 11
17930 25061 7
22409 26916 9
12435 54688 8
48032 9366 25
20044 40506 9
54077 5293 34
7832 53058 4
56446 49042 9
18715 17063 8
37866 41441 24
31370 22778 9
57474 654 16
7861 7627 10
26730 5092 32
5738 5459 9
11338 8835 20
542 27542 17
43842 6275 23
26388 55174 12
31424 11850 40
14078 16825 24
28285 55732 60
22641 2125 15
27901 5889 18
35147 59999 0
45177 20809 9
43109 32066 9
28246 20587 9
37236 55727 10
59122 27765 20
1471 21321 25
34522 34943 8
32474 31979 8
58136 55686 28
6724 20276 30
55274 13889 24
13497 18468 9
28536 53035 10
47278 47052 4
46068 4307 8
11659 37866 27
5639 7840 8
29833 3050 7
57741 37503 7
41193 14114 11
53577 10312 3
59483 38606 23
21051 27715 9
23101 53679 10
8751 52014 25
46866 47414 13
23652 38771 11
15569 57900 7
33234 44239 10
57395 30509 9
11510 24590 8
10175 32413 2
38507 30619 9
33214 35867 12
55146 12788 11
45135 53195 25
45768 25954 9
41316 37045 10
6260 21137 50
21877 2801 27
29797 51357 18
49262 13036 3
26155 16460 11
40813 30952 73
57767 26052 25
42965 57216 24
58416 158 6
10335 734 11
19519 51427 2
26571 30062 24
27099 5000 8
6845 38849 6
56270 22316 24
48033 38372 9
11593 45931 9
52965 37756 13
47556 26287 7
55622 4752 9
48447 5047 49
20778 6096 8
35650 3660 11
40493 45299 22
48435 40118 16
16145 27634 11
12958 27492 28
57563 26151 35
40804 29154 15
33930 45480 5
54172 14032 7
52855 32780 12
17368 54049 9
2502 49357 28
19969 26011 60
21841 4343 10
50286 55955 18
11781 6304 11
626 21232 9
29255 21324 31
1224 52541 34
24146 46167 19
40606 40318 6
35041 48497 8
38797 30482 15
16950 40340 29
6334 38588 24
58799 53042 18
29223 21664 22
55161 28793 60
25981 36929 7
12963 21688 30
6332 13305 7
39716 30699 13
22548 1991 16
51976 3367 10
1799 17528 17
9259 10870 69
57924 4075 6
46185 27301 10
7444 42535 58
49005 35485 6
57626 45667 7
50170 37542 12
1617 53456 11
48164 51779 3
7436 8765 7
13678 2134 24
38674 53393 12
40256 14 23
17835 53972 8
1251 48522 8
35621 35993 15
12373 13407 25
9932 21664 23
16565 33943 7
5620 29623 52
6645 18115 16
24233 59999 0
29396 46456 9
23756 27715 10
41368 13173 23
6056 51301 24
53455 1991 16
46135 54762 15
21852 2029 54
40937 1215 8
11639 12647 9
49516 31954 30
49383 33617 29
6678 58278 24
12570 27313 7
54360 57900 6
919 39010 23
17037 33214 21
41629 29474 2
42695 33943 8
20860 486 11
54531 36865 21
5581 27313 8
1250 51779 3
12164 8387 18
12528 44413 14
30325 21068 18
13063 9870 8
24495 31478 8
48104 58459 31
1435 21591 9
58719 5293 37
41089 28983 11
17322 30628 9
4528 58361 17
8834 45828 11
7016 4190 18
50725 52127 16
39352 14242 16
32126 6921 27
43191 51241 10
38241 9298 8
11123 57356 17
54688 14032 7
14336 24355 9
2641 27306 26
55021 2815 21
27266 44796 25
6557 50543 26
17707 6693 15
14563 52609 6
17148 17025 19
27632 669 7
26452 863 64
31198 12323 16
49576 25708 9
11689 27823 32
51101 13077 7
56248 42535 56
6547 8918 3
20652 1597 25
1014 36389 29
33943 57900 6
6467 18178 28
20587 49779 7
9954 53393 11
23599 8904 29
11086 8835 19
3941 41309 7
37841 7643 8
12311 48776 9
41254 151 7
16456 42229 23
12130 5092 30
15495 48663 2
36881 18125 20
54892 43225 71
46760 656 27
42218 39723 54
44763 8824 8
37806 34067 8
48372 39005 10
25277 34704 12
41805 23099 7
1590 27901 19
56254 24645 10
50943 21190 4
57357 16280 7
1131 52826 9
31190 12647 5
48872 30350 19
18738 51692 3
44331 18019 59
58435 49263 9
10920 30359 7
37275 4720 11
41598 8786 3
41106 46956 9
36814 7927 9
34977 18581 52
57021 53919 15
8832 13237 7
20342 54957 7
54757 50538 26
7175 41514 8
28585 57155 9
39894 49905 6
34067 25061 7
24350 42173 25
20515 36471 9
54691 20283 22
48891 15743 16
25533 18326 10
8225 23062 8
39084 58095 55
30238 35478 25
33356 4698 11
18297 59471 18
55007 51224 19
53171 460 10
49264 21441 24
23657 49468 6
34211 56727 50
11665 21936 16
48299 7696 57
36697 18976 31
52915 34152 16
28175 14944 54
7198 9870 29
52063 54997 18
33017 51058 20
43601 36410 9
25554 45559 18
502 10482 79
7963 15973 8
52048 19511 45
35017 57635 13
11052 33762 2
51403 40982 8
29841 30232 9
14621 52661 25
5419 5620 56
15890 36546 55
42014 56429 12
38217 37531 17
13998 42893 8
3532 49962 8
16839 20458 25
1266 20121 2
41980 7048 7
42780 48167 18
10270 28884 15
48737 3475 11
50843 13991 7
11140 17459 12
39236 53440 23
16938 52690 10
49313 57155 8
20640 39723 58
1222 11284 24
32595 34634 10
15242 49237 9
22498 18127 8
59753 9184 15
39756 1199 23
32153 1577 46
40551 52089 11
43482 38770 10
771 14937 25
35313 45449 9
45675 35867 9
55713 5744 9
54440 47124 3
25478 31540 11
46854 8284 5
56715 8277 28
17633 57562 29
34090 36865 22
59666 35147 2
58006 51301 24
22847 50176 59
15394 47161 15
8153 3050 7
23604 16837 7
37891 55309 17
23296 52838 15
4704 48663 2
32449 3246 10
45337 47124 2
5526 9073 14
58681 33830 22
52834 39216 63
42940 8835 19
11613 7341 15
30865 15223 40
48361 58407 23
41950 38025 6
37189 35643 26
20383 51052 25
34822 20121 3
32819 50843 8
45203 55727 12
25123 1991 16
1577 27333 40
36455 35315 19
46429 48612 16
39805 55773 14
36412 21569 9
37553 34977 55
43388 46956 6
749 42868 27
30716 54050 18
59890 6735 24
32554 27764 23
43167 57048 16
47871 33943 7
49371 17002 3
50584 41518 16
58584 57242 23
50827 38372 9
34646 35037 8
14684 9557 66
48616 45097 22
53839 53058 4
49998 39470 17
47881 51619 29
5288 38512 18
23178 54753 59
29466 35588 6
13319 18831 12
21802 4661 27
38109 36830 25
38748 24241 8
34332 1317 27
59269 51708 17
2792 11495 29
51269 3050 9
11796 18019 37
39411 30688 26
57224 23657 7
4666 49677 7
39974 38512 18
29683 10327 13
46419 35715 36
23606 34067 8
24317 47693 4
50441 26864 8
7151 8150 3
31375 45093 25
25630 21664 24
20621 19119 9
45187 16007 7
48394 29156 7
39993 16084 57
47494 48754 24
11963 58658 25
58446 16597 26
33460 8300 8
11946 14292 10
6400 24056 18
51390 14048 3
39497 25904 9
59547 33617 30
52934 12335 18
27141 7557 56
15882 57227 51
35634 41535 11
27369 9787 15
55312 13478 55
32915 53616 9
27364 34067 8
15492 47490 8
18399 26169 17
38071 13278 52
15219 53653 19
7634 43167 19
37915 54360 8
23119 29223 23
8453 46740 6
53783 58092 3
22348 276 26
50203 29083 16
29212 33441 6
28053 39010 23
38161 30376 15
54545 29753 13
27093 45912 21
55949 8154 9
43456 31727 6
21854 43110 8
40387 55146 14
21887 46347 12
4761 151 7
12463 21396 23
20460 50648 24
52541 18644 29
30229 47930 7
47574 5436 18
56722 50629 61
26038 53046 22
12531 38236 1
18570 57048 16
29852 895 26
8488 12154 31
496 5059 10
27539 45631 9
46627 51625 35
2644 6852 10
3654 15623 8
24327 30229 8
25061 6281 6
4970 19786 10
35102 13602 56
53094 42229 27
6591 12175 10
33854 12471 19
4398 28363 70
57746 9721 23
6326 2632 8
4047 29399 11
28459 23796 55
55164 53245 26
59154 10312 7
11267 59749 3
21937 45097 22
35360 50964 10
1552 35807 8
26716 38849 4
57437 29304 13
1314 25372 8
12583 45948 19
56296 35099 4
41504 57155 9
50344 30062 24
29651 17205 21
20923 29596 9
53080 1894 8
3982 5533 59
4707 28375 22
7471 15995 15
8776 38078 27
19660 28515 17
19816 47556 8
56400 314 9
13619 21708 21
22849 12691 22
9402 45783 8
59182 38606 23
53169 7316 8
41984 57437 18
19201 1036 8
36952 18900 27
25949 58658 23
10589 35481 4
57422 31778 21
55742 49128 9
51509 17930 9
46684 52555 16
25570 34762 8
33655 46479 13
8365 23178 65
46493 56043 9
11823 29260 20
7511 4631 14
30638 55468 9
15686 26822 22
8994 27481 9
56903 9461 28
42239 14598 8
25356 26169 9
55012 35099 5
45258 5489 8
34800 55773 10
20736 3560 23
38725 45337 8
14598 25061 7
5253 41264 5
51043 10687 4
47318 53226 25
8236 43523 22
39147 8690 29
40483 26665 9
35195 7501 29
53475 39041 40
4652 27630 2
8303 26633 26
59292 36081 9
58586 14315 42
10486 40523 18
19295 45559 11
30606 42168 26
20084 43225 56
48666 28194 14
27138 52204 12
1098 34231 55
6491 29797 19
59911 15158 21
53944 42597 9
42227 19780 74
8995 30628 9
18442 34058 29
39035 54556 7
35895 3660 12
19954 17974 8
20988 49381 13
22218 26406 4
14546 3292 16
36014 5459 9
18214 56102 8
17642 1683 11
33237 28908 8
9059 47043 9
18270 32519 28
10348 16292 20
56991 44276 19
35564 16402 20
25059 9491 6
14448 48609 26
57475 46276 19
32905 43201 24
11821 47714 10
12132 46502 18
14978 33249 11
1982 1515 15
17480 31181 9
42804 42725 24
1473 32335 3
54069 17057 23
20900 49512 7
7020 31909 9
2854 4426 15
39204 34390 25
34934 37480 40
27757 1109 9
29488 28853 12
17194 4167 12
1728 45600 12
19039 33706 7
51304 34762 8
53986 32050 7
2178 36343 7
32921 26423 33
42534 18386 10
10428 7288 8
45984 38134 14
41012 702 7
45867 58759 12
9073 25277 13
14688 25949 24
51870 55713 10
18124 50629 58
31197 15861 40
10378 641 8
10000 59754 26
17869 18333 28
50029 49071 10
8824 31478 7
2029 8356 53
22265 12239 28
36661 11604 55
22752 58920 30
50958 46502 18
3660 39510 8
2897 27594 30
2245 41651 8
26556 46236 56
16401 50997 7
37629 48968 7
6804 48045 12
29460 869 8
13009 55305 4
54446 29196 26
15585 20198 23
27864 37917 3
11222 58092 1
6981 32554 24
49193 40340 26
51241 9934 7
27394 11222 3
53626 24049 10
22362 25776 8
52836 9270 26
24963 23771 17
41173 41293 18
23073 14692 33
27327 9184 18
28815 51779 3
4218 49468 8
35068 50660 8
29840 9818 16
44873 31540 9
57713 14032 7
33046 51081 54
9592 40469 7
16056 6947 11
49504 46879 9
48114 33737 9
32000 33980 8
58758 35069 13
12699 38131 9
28660 27826 5
37589 26697 8
46308 13507 14
36405 52442 9
6987 29933 8
21626 12154 31
47647 26446 27
21936 3292 15
24351 54662 17
43976 45449 11
