21825 11165 7
19124 19482 27
9194 6153 35
23250 24415 45
4328 19124 26
1312 7125 64
24252 6505 55
2463 4260 44
10964 10050 65
11309 22742 9
11261 21825 37
15554 6461 38
28733 16609 38
26778 19959 28
21153 3527 36
4094 23042 20
4864 14144 13
26498 12451 20
23993 10747 33
764 8627 16
7384 11215 20
17307 16611 74
1295 23372 35
25919 26778 30
8894 22865 21
951 25577 72
24483 28999 23
5019 25284 16
9954 21665 31
13692 3508 19
5119 19124 27
7316 28687 47
10790 7125 70
425 13497 12
8256 8236 61
3610 19851 30
9164 16336 32
4640 9954 14
10116 28999 27
23661 71 17
381 8365 54
28249 28687 47
71 13094 23
17204 10776 23
22277 18626 13
13087 28999 9
16326 15025 75
2530 28015 35
9295 19851 30
13490 11583 49
27281 4800 19
22964 19122 35
23947 5107 24
20039 17007 12
3484 25645 66
9827 381 41
19260 10497 65
28589 23218 64
9055 19148 60
16611 20883 27
22448 18341 40
8059 23372 11
8720 27914 9
869 12605 46
26084 12877 9
1841 21411 12
85 11111 51
28344 21991 20
3661 11153 21
9158 21825 9
24567 10701 17
17644 13094 20
10915 15603 30
3788 17579 52
23877 6461 9
14146 23640 21
8889 14023 16
22876 20372 66
27950 4927 59
23784 20114 41
16 3909 35
25275 8627 22
21991 5040 20
847 4480 15
24074 3020 46
28015 28999 41
12538 4691 32
8494 16336 31
18616 10307 48
27812 20560 61
18341 16534 24
4480 644 22
27545 11153 39
25093 13090 21
10138 14131 13
13313 7425 41
17470 14367 90
19439 4531 15
11111 1201 69
543 20925 27
3865 7429 106
23036 11153 32
12863 8365 32
21843 21665 79
22228 19993 47
12017 11382 73
28687 27751 46
4260 9838 54
14144 6321 29
7125 8365 25
17121 27542 17
28631 11111 31
16027 24483 45
8135 18698 17
19313 17931 35
13309 18246 31
11620 24850 20
6505 24552 37
2542 4024 62
4381 8627 37
13844 15038 11
7269 11420 10
23953 19216 6
16295 1201 50
4546 18698 32
21797 17644 20
11350 26194 21
27797 19063 10
4880 5021 26
1633 27545 24
9155 20289 77
12749 22310 26
358 4927 36
24552 1039 60
1056 16134 12
5742 3527 22
24 26146 27
9838 4328 30
20940 28999 58
14897 8889 49
9837 14023 20
21957 28015 18
11538 13087 12
82 25093 42
4122 20131 55
389 9772 52
15401 19482 20
8311 16710 21
11086 25917 57
20789 8034 14
27914 12352 38
24415 28763 83
24613 28957 31
1732 12488 27
27228 24224 47
10442 21153 19
28630 10138 22
5266 28999 22
13066 22509 15
11269 13094 18
11555 19124 25
11420 10913 5
27556 9954 18
11387 7505 92
13421 20261 26
15131 24567 11
14582 25913 31
26922 8236 43
12134 381 28
26760 1263 29
14009 26228 17
17007 4390 12
3630 24483 7
16391 19851 68
12710 5797 49
301 6921 21
21584 19851 40
26859 11555 32
8343 21799 30
16723 23993 52
5774 24552 18
3508 8833 19
26414 17931 24
3809 22013 33
26764 24483 50
9544 8683 14
14355 13815 43
27362 6384 31
23360 16336 24
20194 21991 14
11933 8460 28
15225 20925 52
6819 17183 11
22714 27751 30
10864 4640 19
7988 21882 37
15570 27335 53
8683 9703 17
7429 3610 57
24400 11555 36
7505 1039 26
19216 28999 15
20925 2945 32
14178 27545 56
11561 16710 43
1434 5491 33
10679 2185 33
18300 28383 67
21892 2945 30
27533 28202 11
7111 21892 35
16134 17893 41
18695 26778 55
16336 27335 86
23556 28999 13
19993 26278 54
5053 11215 7
3951 1312 52
28202 19959 25
14910 16027 16
3570 28589 13
23278 22720 28
15029 4800 17
28394 27914 10
17931 8365 53
25917 19959 12
1601 28957 34
10665 24567 14
19654 644 53
22813 381 32
22143 16710 20
23372 27812 49
17200 8365 55
23931 2349 74
15603 8683 20
21808 17307 29
4024 27309 23
21033 3305 23
28770 11337 31
23286 3508 28
15038 28999 20
25412 9677 28
5021 2945 20
28282 6321 8
10343 27751 38
527 3788 34
27211 24536 44
14057 19851 63
18220 28763 48
16208 22310 49
23456 18698 23
15622 25913 22
26661 23743 14
13629 10077 12
20883 9381 22
25801 22448 20
6921 10116 14
20428 4480 33
47 13087 34
14908 6461 15
10776 3192 17
4429 13094 23
10234 21957 6
25257 23993 27
14833 2945 44
16534 19216 27
18659 23993 82
16222 11555 30
16283 17858 93
15133 19482 56
25339 15544 41
18424 12486 42
4385 3661 104
21562 12636 17
10649 10497 29
2349 12877 19
17214 4390 25
23381 16336 19
22310 22430 34
25164 14923 13
20505 12710 36
26961 22430 30
23130 10725 90
26934 10649 22
22819 19124 81
2636 847 17
12374 21609 59
5203 28999 24
28813 27793 12
25913 23143 59
9697 16729 24
18274 20182 18
1306 11111 154
4248 23143 46
8847 25913 29
19963 6321 17
14522 27309 14
15485 27211 49
8422 17307 64
2077 869 21
15418 18424 13
21432 27751 70
14309 22813 33
8202 21991 40
21354 24552 12
5017 11047 16
1759 18616 21
10701 19216 25
27662 17644 23
3859 21099 72
9427 28687 93
14923 4390 13
25034 27797 11
26422 2185 72
10355 71 33
26986 6461 19
18426 4328 46
15412 26498 25
25138 28763 57
20926 381 67
4896 20289 189
19565 11153 79
10979 25919 77
14299 26778 15
896 10915 34
23052 9954 49
9486 21825 17
26877 3661 33
18098 8683 11
3340 19148 40
15631 28015 17
14626 5173 22
26395 6461 12
26235 27812 16
17183 10574 10
14960 20114 35
17414 13087 36
18989 16391 49
24459 24598 18
13943 16501 15
27264 22430 57
22727 12374 30
5107 10116 21
10904 14661 85
20750 20875 72
24803 23993 45
10307 28088 20
14818 7586 57
6290 25917 12
14131 25655 10
4549 19124 34
5778 2441 18
17563 23250 37
24877 25621 17
25655 19216 20
15714 7170 75
11382 2107 60
25797 10915 34
22742 13356 9
16843 23953 3
24077 9954 24
21411 15544 22
3764 23993 25
18119 11165 16
17314 16911 43
10050 17314 45
28224 8627 19
26194 19959 20
10425 9954 76
20587 25284 109
11583 13094 18
11756 8833 36
8162 7586 53
20975 6153 47
22649 20039 57
16609 6973 28
13089 16482 12
27325 18530 37
21615 23993 29
28647 19959 38
23743 18341 13
17999 28999 11
842 4480 25
19063 8960 18
7170 18119 22
20987 20289 81
8541 2143 60
6868 12603 28
12486 22742 11
15496 23993 77
13310 8311 30
28713 8683 68
27335 4546 19
13497 1201 28
4251 15401 41
1723 82 61
20432 1109 30
323 8627 21
6075 24483 12
4691 16027 62
16547 8365 32
24714 18987 29
16710 23143 52
308 19216 13
2282 14278 18
22978 10649 30
6929 26699 13
17545 21099 49
7425 3508 37
4531 644 11
20177 22720 24
23982 4381 19
15452 19063 82
23524 6321 8
10663 28202 20
8553 4531 32
24457 27309 20
8581 9559 30
23640 22310 27
11045 4260 42
12819 28999 7
23533 18942 52
24224 22237 23
13448 26986 15
3909 28999 39
5725 25339 11
21728 19471 16
404 8960 12
7707 14662 46
22052 23953 40
27200 13490 27
18320 8311 30
25306 25913 26
21567 358 132
12734 27362 9
7780 27335 15
20261 13090 25
3351 10679 36
26699 5107 23
22045 10341 26
15387 9954 30
4957 13497 12
8236 10050 58
1682 17214 57
4399 15493 48
16808 18989 33
17617 16841 45
12093 21957 22
12889 12538 32
19477 28999 6
7799 8236 50
13815 1073 56
27657 25306 25
959 4260 26
22328 7707 64
3192 21609 41
11107 11165 15
5797 22430 129
19508 24483 12
5173 3909 42
14820 22964 10
14660 19063 17
3014 15025 25
24536 20566 36
915 14023 11
4591 18119 41
24557 3661 31
13673 26778 17
12118 27914 9
1557 7586 22
7059 11936 9
11050 19260 42
10654 11382 79
7748 25284 24
5476 12603 42
19488 707 21
25445 15570 21
16768 644 16
22865 6461 63
2128 22864 26
7557 3661 16
28837 23143 20
28804 9677 35
26314 71 16
12393 22876 10
3879 23143 35
7242 28999 99
26146 1201 31
15025 8133 32
22368 2349 65
1320 17007 12
23408 1907 24
999 20114 21
2085 5173 46
6405 17307 31
6973 8365 27
12571 24483 17
23833 26224 74
15979 22310 19
12603 14241 52
20832 24567 19
20103 28999 45
13732 4328 53
4534 19216 17
11212 4480 39
20663 10435 15
16733 18698 35
9751 14023 12
515 28999 32
12605 28957 24
12301 22703 66
28640 23372 10
22203 26859 63
723 24598 30
6774 6321 19
8144 20925 56
735 20925 75
3458 18426 93
1815 23036 69
11039 28763 74
13083 3399 22
15493 13090 27
1788 11420 29
2585 19122 24
5182 4390 8
21477 28687 29
10526 24100 60
3720 4248 72
20618 26545 21
21954 8144 28
10127 8494 36
5694 18698 25
13456 26986 65
22833 4390 9
22846 23042 42
23995 18626 20
24606 13964 64
15219 28999 23
8948 14023 12
18142 2463 55
20160 15554 19
26126 644 23
27271 10116 56
19517 27309 26
17195 12603 65
10484 8365 39
10574 1201 15
25895 10132 46
14670 8833 20
18585 14950 80
19023 10341 21
5230 3661 32
21975 5173 16
10163 65 14
2716 13059 18
28354 19963 12
26192 4652 50
19122 47 74
24275 20372 36
3469 23372 27
1896 26760 37
12922 23372 108
5413 22310 34
26735 12129 7
27090 4328 54
6232 2143 80
731 21411 14
688 11936 9
1701 2336 24
23210 27211 21
12129 10913 98
19180 9723 31
5491 8541 41
16482 6321 54
4495 3661 31
23363 7384 52
20844 24483 64
7400 17644 37
22670 22876 74
26116 25919 12
26252 8541 48
14091 19313 29
7003 12603 27
2637 2576 55
17295 4534 33
16583 24108 32
27751 8541 35
6104 21991 51
16475 17931 28
3235 9427 61
8926 19517 37
25337 8993 40
8992 8541 31
15616 14274 40
17695 14818 33
1870 14950 55
21609 19993 28
24108 16841 80
5165 23877 54
20562 10116 19
9014 23993 21
23561 12603 20
24215 4640 30
1201 22448 27
28753 12301 128
20704 4399 50
21882 9677 48
15162 16823 31
28101 14023 23
28645 381 46
28831 12877 9
27834 26699 28
19881 10497 19
7603 15924 73
644 13066 18
7404 11387 38
11300 22846 53
21401 25275 30
6764 7988 40
19471 13094 20
13094 14241 70
13473 16501 29
25222 21882 39
380 1201 8
20341 19216 2
26087 14009 56
17231 4381 13
3658 22430 22
24550 23661 34
5794 21882 38
27764 425 20
26147 19216 12
7039 10116 51
5222 10307 46
16501 11165 13
17907 28957 13
20114 27545 22
15842 13692 29
19045 1716 32
10840 8627 26
3527 18246 59
24610 21570 14
666 13505 14
9004 19063 13
12897 896 71
10757 12603 33
28921 24483 20
20641 21411 28
1735 23993 69
15812 9559 31
3399 3340 71
1917 25913 22
27194 21411 46
14661 11111 39
3020 11588 11
2185 19471 46
13126 27812 19
4214 23993 32
12212 25093 26
10256 23396 36
26019 7799 45
27254 25927 64
5000 28999 11
22735 404 22
26702 18698 42
5733 25453 63
28592 8460 24
4912 21432 32
11295 27545 19
4616 16729 35
8460 21991 39
12349 3965 63
5355 3661 22
831 24483 10
14367 9703 58
10055 26177 32
5860 3340 38
10759 23368 32
369 11387 14
1160 18698 53
24598 20114 33
10913 19216 29
13182 21892 32
6803 21825 15
16477 10116 36
12174 8627 45
28550 17931 34
9614 26084 18
27796 19313 83
26545 12538 17
10684 18341 25
6984 18942 21
28709 28344 31
4856 10116 27
25971 9703 9
9241 17907 14
5232 24613 23
12933 17931 60
27586 8541 63
23592 3809 70
2293 24483 13
8285 10574 15
21556 358 48
28764 13094 22
21442 24552 56
1494 381 25
10592 7586 18
2859 8158 40
7383 27914 17
7766 22430 40
10435 14023 12
6628 21351 59
8833 15630 41
3750 8889 17
8149 19959 11
18698 5774 26
23712 28999 5
9096 13094 25
20346 15401 77
7586 9954 50
3223 6232 55
4994 20261 22
25648 23434 25
25567 381 35
27793 1039 26
298 6321 24
25006 28999 20
10632 18142 40
11117 2945 22
20275 19124 79
12532 1263 26
13565 4640 53
26662 8158 58
23723 2349 18
2618 11382 92
15630 11153 17
18806 1201 11
25407 25471 23
943 1029 46
7580 21882 41
9801 18341 19
11165 25070 9
2441 28999 25
13475 10497 33
22437 13475 39
5701 21843 25
1073 11153 22
222 19122 8
14052 71 26
6016 8541 50
22703 26699 69
20998 10701 8
928 11337 49
21493 19063 10
17250 13490 85
24672 26498 21
26789 24784 74
7240 22239 20
11078 11153 68
12456 17414 25
150 10701 39
14156 27751 69
18086 16841 47
20409 13497 11
440 8627 26
19575 9427 40
22132 14023 32
20590 22833 21
23117 11936 19
6153 8133 123
12453 22742 13
24850 707 41
18469 25913 31
12244 25275 8
27542 24275 79
5246 11153 30
20875 23631 60
19911 26228 27
18992 25471 84
26919 22964 41
11320 24606 74
1205 19482 18
16032 11420 4
3873 10684 34
19795 358 37
26861 18698 23
22463 27362 19
26644 14833 23
8770 21411 30
444 4480 40
18562 24483 11
20560 22742 13
18668 21882 36
1907 25471 38
22013 5797 37
17495 4480 45
5159 22430 32
11430 21411 27
20372 22742 27
14947 5021 34
16692 24603 30
23143 17195 20
18959 5173 11
28131 22064 29
2576 21562 20
5313 23993 23
6397 12702 71
13171 23218 18
19990 26778 40
22222 17644 18
6115 9837 37
5627 11583 35
18018 16 8
17593 19124 29
15288 18086 49
12562 28999 48
27487 26922 135
1983 27751 74
21665 9703 15
7130 28763 35
21071 27914 19
24854 20114 86
6320 21153 44
23238 27812 7
24999 10497 26
2945 9990 33
3657 28781 31
4956 22328 59
16791 11165 11
28488 15714 110
6779 3661 24
26483 23372 33
23689 16729 32
22720 28088 17
25471 10776 51
16025 6461 56
9582 20883 27
26257 9954 22
2107 18556 65
28092 20940 21
22507 10077 20
26879 8541 35
4975 28999 36
5103 3223 107
9456 17307 42
16570 25917 16
20236 4328 50
892 19851 36
26278 5173 11
1637 22742 41
24271 26760 14
18139 10163 27
16729 24552 28
23695 6461 11
15278 11555 46
19647 8833 21
25157 10138 6
19072 3351 20
28391 19517 19
6085 381 55
13354 71 41
6726 7435 20
787 13090 29
21351 28763 78
18144 27545 16
22239 14367 22
17573 25306 39
10008 24483 10
341 18300 55
22064 8889 14
20297 25138 39
13964 17307 35
20289 18300 80
25079 12486 12
772 19216 26
9078 4385 48
20182 12603 26
11508 9055 16
20211 8494 29
5385 23784 45
2143 19851 41
15148 17931 38
10341 28640 13
18942 17195 21
11936 12486 53
22671 7586 68
17579 23636 38
15234 21411 53
20131 25917 17
4355 17316 21
12481 11387 15
9536 22720 40
1427 14023 15
3383 7586 20
16162 7988 47
4165 381 88
26224 18989 39
17202 3661 34
8661 6320 17
22633 20832 28
16297 11165 10
12187 11165 8
15074 15401 76
16973 2441 33
9401 6321 15
22975 28957 13
10170 7125 69
19959 6461 45
25284 5173 19
696 13692 29
22826 20346 23
22440 14023 20
11153 17007 22
24857 14009 19
6003 27812 64
1029 10681 19
2431 9954 18
10813 10341 11
18189 25913 24
4352 26922 52
22237 18144 36
16405 27812 31
5287 12352 43
25495 13087 34
11527 11165 10
9220 21797 21
2594 3873 24
3252 20566 41
18556 15288 50
10497 28088 33
8945 11620 44
27400 2349 20
19534 27309 16
23903 23372 8
15544 20560 25
27756 869 13
17434 19959 30
6849 3661 22
1027 22742 34
13601 24271 14
16219 9990 20
9677 3610 51
23353 71 22
25070 19216 4
19725 26177 40
27798 19124 73
10329 19963 38
14662 21882 39
9990 22430 18
12451 8889 21
7435 11215 10
2243 5173 30
2336 27764 17
14542 25471 37
4652 7125 71
3965 19851 29
22186 10574 36
19119 23640 35
584 25412 31
28855 12187 40
9772 15401 40
26007 22246 99
3715 1701 58
3800 8365 21
18926 4840 39
25086 23784 30
17893 28015 52
19482 8158 26
28483 16710 28
2789 28999 19
20210 7707 54
19939 20357 35
13356 10913 11
28812 644 45
12050 28999 55
20277 13087 14
5738 18698 31
6299 7586 18
8480 18989 36
13271 644 16
28383 28763 38
17345 20266 17
22763 8049 24
26144 13094 46
6785 23993 64
5988 22310 22
2288 4800 13
15156 644 24
22823 3965 45
3930 26778 23
26228 3661 44
22768 21882 43
5536 12922 30
7151 2349 30
18202 7586 27
21757 4390 8
3725 15930 22
25230 3873 55
10077 25284 74
7120 28999 9
10296 26315 55
28763 1434 41
16841 19851 32
4523 16281 23
8365 10497 26
6357 3484 66
10946 1056 42
1661 28999 4
18246 7586 15
25151 27545 18
6302 24850 22
25403 20566 39
23218 10077 94
9522 7170 50
28272 6384 8
4390 14017 30
15930 23372 26
25517 17007 11
25682 8370 39
21799 10341 30
11124 4399 31
1668 21843 64
14023 17414 25
3953 24552 17
11578 28999 11
6423 19122 11
5493 6461 124
4645 28687 42
6461 19216 36
2040 644 13
23444 6075 24
925 18086 51
16149 4328 26
9381 13490 20
12999 24567 7
11291 12897 39
7928 7429 148
24464 23042 41
8627 11165 15
2990 8833 47
13620 4546 29
5674 9990 36
5996 11165 9
16911 6405 36
17992 925 54
18530 23743 8
14872 23993 24
22165 22430 49
16310 8683 35
10365 11382 66
21561 1263 13
14615 8365 39
5558 4260 55
21570 10915 34
7697 21882 69
12386 12603 34
6321 22742 50
20254 14949 34
17878 3661 72
20233 22430 44
23611 11047 49
22174 8365 80
1799 17579 68
19975 6461 13
23773 11153 25
14949 13090 29
15924 3458 32
19854 4531 19
28957 19959 10
13252 8049 56
11047 22742 7
17858 23130 138
81 11555 41
20266 19482 62
21564 85 19
2330 27662 29
5944 19959 85
19777 301 33
16251 25412 30
24436 26252 103
13335 13094 17
25508 21825 19
26315 17470 38
9562 6461 16
13677 6321 27
23434 301 39
28724 644 35
16592 27362 46
4927 17195 34
26590 27309 69
848 17214 30
11242 7316 33
2075 26661 21
10045 7505 22
4954 27309 48
1039 17007 12
3217 9990 20
356 12603 18
23261 4691 36
19748 18698 26
28858 19482 66
14746 13087 37
9662 10654 82
3341 18992 19
26689 21562 113
20163 18246 16
22246 25927 53
16839 925 50
4977 20560 41
13132 28015 12
26746 19482 23
21629 25284 17
19551 12486 94
12081 17183 31
9723 19851 43
8935 11165 8
13090 24603 24
28884 22813 39
1688 4260 60
18841 13692 24
27309 28224 20
25927 18300 51
2586 21354 13
14593 4616 42
23570 18341 61
21001 10701 42
22835 28224 44
6046 22310 74
4786 16219 94
10434 28224 30
6670 24436 67
2739 1201 22
22864 8311 40
28958 5774 41
15594 10701 54
2419 25222 42
7834 18119 35
8776 23372 11
20384 17644 18
5231 27498 45
9429 644 31
10986 3661 30
18389 20587 24
22724 4546 30
10662 14017 13
3162 9158 10
16318 23931 14
17194 6321 114
14149 11111 22
12770 16911 36
3843 9954 50
12043 18970 45
21858 18424 33
18626 4390 9
17544 20182 22
5490 7384 44
6341 28999 9
27041 13094 48
28088 18246 33
1437 9559 62
17153 9158 22
5560 6461 9
13871 16710 21
779 13094 32
3050 21351 54
18974 25070 10
7621 25138 45
21791 10790 61
13152 644 11
25860 15401 24
10911 12538 17
6480 5173 23
12865 2945 62
28191 25471 68
1583 17470 13
4027 5725 31
8598 23784 73
10081 6321 34
28781 13094 43
26066 3399 55
23983 11153 36
9534 13094 23
24531 10077 31
27599 24552 30
6935 644 50
22067 10729 45
11639 6232 65
4365 4328 53
27650 23631 85
22263 7586 15
3604 21825 37
23608 18698 39
7123 23210 128
14337 8627 10
24942 9158 29
2483 925 83
15893 17007 21
14351 18424 39
16287 16208 37
11229 28999 45
6192 8889 14
2497 25284 72
23042 27545 29
21457 27751 37
24553 27812 24
1709 23993 46
17259 22310 28
10930 23993 32
16068 19063 42
20033 28202 24
25579 20940 10
10747 20114 34
27008 27281 27
17349 12734 12
22697 10701 13
7228 23993 29
15292 12486 26
14731 19959 54
21099 10729 12
7485 18426 78
20566 13356 22
8960 2537 16
5379 644 47
6117 24567 18
16662 16911 39
8712 23993 53
979 11215 7
22973 27309 38
7306 24275 7
18287 28640 38
24100 6764 46
22539 23372 34
65 5774 69
20357 6868 21
23342 19122 18
5331 11153 17
11346 28383 46
22845 28999 6
4225 27309 20
10483 24483 16
2882 19124 65
6870 1201 17
1399 15162 44
15578 47 90
16793 7429 91
14900 12134 68
12352 28999 25
9703 2441 40
898 26778 27
1699 19959 14
5285 13313 26
14278 22430 16
11492 26778 13
8591 28344 72
15385 11387 13
2453 28763 44
2407 28957 12
23636 20663 21
17316 12538 28
15186 4880 42
25130 4390 47
28572 28999 53
5754 6232 89
18237 20663 116
17614 6505 31
15066 4094 32
27498 8960 11
10556 13087 32
10587 4094 19
6384 28999 1
22084 16710 26
6114 18698 26
28852 24483 12
6015 11420 29
27495 3661 51
4860 26194 49
20213 26861 121
20378 17931 22
10729 15578 10
12182 19122 27
14936 27793 22
20864 18992 18
10373 21882 34
2199 381 27
15951 27545 27
10132 1434 34
12928 12749 29
958 20114 25
23631 8541 41
20604 6461 28
25716 19959 50
14102 12603 27
1263 26778 46
4976 22251 57
25453 16710 73
19851 16611 79
16663 7621 75
9854 779 46
24784 14023 21
9803 17470 26
11069 11337 26
8020 13356 6
707 23995 21
12476 17007 9
5067 3050 67
8133 6779 44
8392 731 43
19757 24108 52
26552 27211 48
18334 23993 37
12488 21609 22
1199 11165 40
16655 19124 55
16083 23877 57
3209 10649 32
2277 2497 15
1204 12456 38
11013 25284 12
22673 25645 63
24148 26778 29
330 14241 49
24390 15401 54
14274 17195 20
21546 16911 32
27646 18300 45
18987 6929 23
8049 19482 31
11503 22509 16
26150 26144 54
20381 1201 8
26386 12486 12
3198 24550 37
10681 17007 23
8564 8889 15
8370 19216 41
21291 644 14
5537 19959 47
19758 18698 20
10041 1029 12
15961 896 22
9664 24603 55
15042 23130 84
16968 25070 5
21575 5107 83
3606 19534 55
2537 3909 42
16823 18144 25
27534 17007 62
1171 19124 36
28366 17007 49
3305 3399 55
23396 25284 19
12653 8770 50
8034 19959 32
2702 10116 11
9549 26778 15
25577 14542 56
11215 12486 21
1716 27362 13
28779 2349 54
27783 3192 20
13966 21351 39
19490 17007 70
18366 17579 43
3333 14367 11
22466 19313 23
16694 4381 27
26420 4328 52
4840 25284 28
20977 4381 17
22430 15603 18
17868 4328 42
5188 19959 63
5516 28763 36
14017 18974 20
6301 15038 25
10589 12486 14
27766 4381 54
15482 17593 64
16281 8627 10
26304 20131 43
18836 17007 8
2021 15452 20
5610 8683 56
8471 25275 45
13069 8365 93
23368 7170 42
12911 12877 25
18641 27211 31
22305 8889 26
10439 13673 48
27113 27797 25
25640 16534 19
6209 17644 132
11337 6321 13
16579 5287 10
13001 14241 33
4800 11936 31
25897 14241 32
935 24567 9
22465 27545 24
1109 17470 15
18007 18626 22
9559 4390 71
27351 27812 24
18746 28687 31
1182 13356 12
13505 3399 38
7853 12877 24
14724 9954 18
12636 6461 15
8866 24483 4
22681 19777 36
5917 17007 20
8858 707 21
12333 644 21
4911 10116 32
22509 6461 34
25836 28763 36
8721 27545 24
2933 14833 21
20219 26778 13
8271 17893 23
3044 6505 57
23151 24613 36
6840 10662 40
19148 5173 22
4827 4390 72
24607 15554 45
25621 20103 10
21082 28999 4
5040 7505 32
22251 27751 37
23894 17007 35
7144 925 79
17832 4355 27
25645 23631 55
2700 20925 22
10279 18246 55
8993 7707 40
28244 10116 37
14241 15603 21
26177 11387 29
21841 27254 64
8119 17007 10
12877 6921 74
18308 9677 101
11588 19959 11
15494 1109 37
2202 3340 22
25364 5797 21
15888 24552 43
1357 22277 16
28170 27309 50
8551 18220 66
26743 25284 13
20632 2497 31
27072 11165 13
8158 21665 15
20371 19216 28
7474 1029 26
23815 8311 26
15944 9954 45
12702 4616 49
16515 644 12
11255 19124 30
10725 2618 77
13059 8683 22
9132 5021 28
28868 28645 65
10233 28224 9
22436 19216 3
6656 17204 53
24603 14960 21
13775 23993 53
4660 644 42
6359 20261 56
18970 7151 39
6482 3508 33
14950 925 64
19127 28282 16
9770 25897 42
