106864 93767 11
81211 87358 25
104607 58319 69
72883 74792 7
49237 64216 52
38251 43441 64
42838 104351 30
14861 25691 46
35288 37644 11
9636 66877 50
71891 105546 20
77467 7155 64
35554 93759 32
16834 20854 24
82224 61469 9
103844 12074 18
22421 94354 17
57642 17441 18
84284 15081 23
15008 75919 39
15593 93583 67
48686 81921 3
1404 50130 21
3914 42367 21
35400 90184 24
1350 96712 35
40163 48912 9
1479 92803 3
64915 66564 19
64470 13138 8
20623 77319 22
107376 59370 63
84767 22694 25
57922 101936 10
8171 71140 33
76841 54825 39
101944 106366 40
34162 60192 62
18452 80957 61
27990 7649 18
63206 11773 11
69957 93172 24
104118 38252 19
21364 104263 66
71353 11201 82
45633 77467 74
42416 17057 83
23155 77514 25
76856 40383 13
47567 28570 22
82888 57987 38
71914 38730 7
34564 22248 26
102328 81258 61
61220 60034 68
63256 42805 25
55885 88913 7
91068 81493 19
93796 104170 39
86880 76571 28
42402 37868 3
16324 82030 11
49276 46570 32
81587 59370 41
27221 42402 5
70885 48205 2
71558 35268 36
59991 72093 1
42453 27860 13
25193 15561 72
99507 18167 22
21528 73158 27
41399 39676 60
72093 107999 0
85641 105138 25
52589 28464 28
57080 27097 69
100675 7485 7
76444 67710 34
39047 53428 37
102854 84885 18
50799 55885 8
945 48205 3
43010 29004 24
64449 65655 15
96119 88659 56
94096 86291 71
43765 69493 71
55850 93899 22
37868 72093 1
574 84885 13
83366 35332 59
23819 21406 8
17993 70885 3
40413 86423 17
69499 39380 2
58101 107320 25
85332 19417 25
86488 15506 63
56309 36144 45
77752 20854 25
99744 95255 42
44987 38204 27
18134 65842 8
9864 101936 8
17176 4817 41
65971 72937 16
46570 23637 29
3786 28165 80
73169 83483 14
39103 45428 38
100245 107999 1
84249 51003 9
97733 45423 67
7391 39899 9
32017 107999 3
40040 106979 30
8306 94176 20
77010 27097 60
77934 20724 55
93638 87012 37
34921 3627 38
28957 47314 27
106246 11773 7
20001 56157 37
9292 56056 85
53952 16028 70
101122 20935 48
105792 50374 45
36595 28524 27
75082 69499 8
7849 50650 64
9033 100245 4
83204 84767 29
19542 87257 39
11773 84885 6
30447 81789 32
16259 95363 39
105417 73169 16
58671 55718 15
65019 82820 6
12536 945 4
64361 30677 63
28311 51395 16
87331 72093 8
51232 86220 36
106004 50377 3
18618 8968 64
88732 15440 3
34292 103735 13
45428 63480 31
67836 74543 40
13138 72093 6
103192 55885 11
104850 78486 12
34015 88870 9
9524 3814 32
106038 79324 21
75480 84130 10
42805 68876 24
508 27990 22
75607 103164 75
47170 40551 52
107440 20237 21
68997 86423 18
106155 73797 10
86829 10487 59
6972 39380 2
51756 79324 23
74283 9306 39
71419 84885 9
89261 29004 26
18265 88042 22
71173 14734 65
50960 17060 35
51856 88574 8
96254 27738 50
5533 96489 43
63480 46570 30
72999 88913 7
41123 102206 11
56890 81592 83
56074 107999 3
18018 20343 32
28377 27221 6
58722 99978 9
49797 101978 8
28664 29033 21
42576 74792 7
46774 51630 3
94058 72999 10
30736 107523 9
57371 42041 25
99978 69499 6
96058 3598 17
61469 34990 8
94060 56069 34
1948 59991 3
11281 79560 10
8571 48686 7
107320 55568 22
21683 88133 8
21730 9306 42
98243 39226 21
36084 71419 13
101936 46682 6
106989 9501 29
103735 84885 7
31151 38480 41
11868 6880 5
33856 27990 27
21269 45284 28
53047 75739 32
57789 40163 13
22771 77514 27
76051 34458 13
84891 65842 8
79351 9052 41
42686 74015 70
32343 72098 17
85373 51630 2
94311 93478 18
23842 25979 27
45284 9684 26
24107 24096 9
104058 28276 38
6361 60081 51
24815 45270 53
57681 49731 30
21178 72098 19
9249 79007 23
70048 42402 5
54907 82914 52
21406 59991 7
102228 15214 21
7889 48954 49
54122 83856 42
87687 5996 39
82914 49665 51
42307 2780 30
11985 100675 9
54306 100245 2
16536 88574 8
44458 38417 17
84130 39006 9
37644 71419 10
34458 73797 11
52374 72093 7
91267 15149 23
51630 107999 1
73527 17891 17
74880 17130 63
83845 85332 28
51260 27022 48
81921 48205 2
90116 23637 23
68467 81517 11
19564 37370 32
84885 4063 4
66710 56887 67
95255 74283 40
26086 28491 27
101730 93069 10
65513 74214 32
93759 23637 27
101657 96157 34
36677 10372 9
53250 26321 36
8726 80215 16
88117 52464 33
91335 31133 13
67212 19419 72
81157 68876 24
75197 21422 9
72300 91771 27
14386 92229 25
71501 51630 3
18586 106232 69
9283 12536 6
11798 50650 60
67975 3532 24
71007 106038 24
13623 69583 9
73643 77319 23
67414 44605 8
30692 100675 8
12022 75121 7
59758 102973 30
87487 40022 39
31529 83998 43
29993 41485 20
51802 81157 26
2229 72098 17
56943 86392 27
91208 17176 55
74281 20748 15
70205 54825 62
216 88574 7
44926 28276 20
17725 23637 26
81592 69919 71
50173 73830 10
24064 63775 24
29884 62605 7
97110 85376 30
65842 64586 3
78298 56056 76
7124 34490 32
72892 87487 45
26214 1948 10
107936 68467 14
10759 11281 11
34586 23271 28
18177 81034 42
4338 99190 29
90521 67599 59
27230 36988 19
8230 53417 24
31478 54078 7
91145 40546 8
60773 30914 71
105977 69499 7
102973 29004 24
64586 107999 2
71140 60231 29
64821 28957 28
20854 8726 22
3424 51395 19
15440 107999 2
76453 13138 7
92906 69499 7
28524 103687 19
13118 10080 43
52321 105417 17
86080 20472 6
107028 85373 3
11716 14271 30
99615 64882 30
6880 6972 4
16523 19664 105
73830 55885 8
82820 107999 3
36988 89665 16
86091 41485 16
22765 85373 3
36248 97616 26
100705 76856 14
69332 78374 32
96817 15506 59
77395 72524 81
36350 82030 6
42985 21330 14
86797 12074 12
47168 10403 92
106772 12856 82
82988 3614 16
3581 65896 24
41911 19158 12
39200 86423 18
87358 96058 21
92949 41712 20
2481 105977 11
96991 80484 95
83564 13138 8
15534 104170 39
65655 77771 8
39227 29124 12
30766 52813 47
72364 67781 33
104351 16324 25
73408 13138 9
1326 82030 8
76601 21422 22
99190 100675 15
21132 58074 26
52714 37370 30
22674 95657 41
20028 17725 33
81034 89999 40
66778 100245 3
46054 104135 61
17620 84627 23
18165 9719 46
104238 72093 7
53671 84458 22
101934 71914 19
90528 60046 45
49777 55885 8
88187 40413 21
44790 66787 25
7649 11178 11
9678 79351 43
48078 23005 70
66564 50377 17
10876 26945 19
2505 101122 60
93899 17891 16
87378 60942 61
79560 99978 8
66194 41141 25
35485 74792 7
79324 86423 18
19613 50377 5
52441 89936 39
100888 84885 10
32417 81789 29
38019 3598 24
78360 3598 17
20004 62221 18
107039 9755 71
77554 67774 27
29124 1479 7
105348 945 6
29205 107028 7
55568 59805 19
41347 90978 56
33456 86797 15
86800 98758 26
88133 59991 6
88574 48205 2
51834 56189 10
29767 107320 23
10337 69715 41
56121 55540 41
31408 55120 17
979 32189 72
34820 96288 53
88274 6972 4
28125 61469 9
94435 72999 8
6507 27860 10
18490 63782 43
26945 76856 15
105770 100477 8
64934 95343 7
11082 41557 24
861 86165 10
62973 94435 14
1315 27738 49
62605 106004 5
82087 63268 21
63775 24311 20
60034 7151 66
66915 47118 63
37404 97748 73
100536 45587 43
101523 106038 24
34823 17731 34
2662 25459 19
1825 72093 6
34832 82099 64
20472 88574 4
19417 20748 23
70238 79560 13
77237 20343 31
4656 1591 41
84823 17725 31
11496 88207 62
47385 82820 4
101920 52374 8
62914 20472 6
33879 72883 9
90954 46682 8
104308 13275 39
3814 23637 29
107023 3467 18
23637 24311 20
28608 18265 23
16329 11822 40
88675 66787 18
93507 39380 5
39990 6972 6
47978 74658 39
56157 73097 32
16674 88594 22
62977 93767 14
49612 30677 63
2947 24607 38
48104 72093 4
6127 8941 71
13254 16324 20
42209 92229 23
29021 86469 32
106928 3981 35
19319 65019 7
43184 95363 37
13105 60982 28
1562 16324 16
54956 25567 48
2391 13155 13
48205 107999 1
46465 100675 11
81626 42380 67
84189 21787 11
54078 1479 5
32308 101936 7
21787 11773 9
93372 48104 7
26481 70733 9
33155 59991 6
62996 35422 45
3117 29527 61
72560 92949 22
81363 15561 81
39899 88574 5
40546 72880 6
101319 62914 9
89665 100888 13
66800 88274 21
3598 71419 10
46667 29921 19
56661 15678 49
24337 35379 42
59859 36988 33
29904 39103 45
41557 88042 20
62298 58120 59
42321 13155 19
28527 19158 20
86291 26941 51
40899 48686 9
93069 88913 7
107523 46682 7
63376 65842 21
169 50074 54
93918 86861 39
25812 104694 7
16562 90116 40
69715 102454 38
4063 39380 1
94428 17441 18
52538 21422 18
72549 103001 10
22398 86423 22
52813 46570 30
11537 106004 4
13595 89112 24
52731 80999 17
556 92803 5
47526 51630 3
105546 48686 6
33754 87331 9
46682 39380 4
47434 98758 25
39006 72093 6
9501 18226 27
18060 24808 8
24096 82820 5
52783 90238 4
107262 21683 9
20083 94094 25
28124 93759 28
23957 45713 35
39327 28156 29
34899 47765 80
68642 28524 24
45697 67781 33
72397 107028 24
88517 68997 21
68152 95343 8
21857 88450 48
30407 78404 18
52893 50377 3
47197 11773 9
99806 63909 32
44216 73527 19
2549 101936 7
14144 66532 57
15214 11868 16
34490 39676 30
81517 11773 8
53417 21422 18
65896 88125 22
54897 54825 38
3449 94818 38
105902 64882 32
2188 88574 8
68901 60402 26
4651 38204 22
87445 42813 21
55565 68997 23
37063 35369 14
30863 7649 16
1662 82820 6
106354 87254 20
55329 20890 5
98190 64226 27
50217 9864 10
58319 27097 56
28464 63775 23
47254 81068 25
78407 65842 4
91771 11868 23
107744 17725 34
15081 88870 8
70348 72093 7
73158 41141 23
41815 85317 43
38956 574 21
72181 40899 20
93767 37868 4
104942 39380 7
62767 68467 27
20237 87331 10
97616 22248 24
62421 107382 32
18675 77649 16
63143 64796 9
81068 735 23
59438 69932 61
63345 92803 4
76173 39899 8
52632 7082 22
71286 71828 74
40483 88477 23
29507 29921 25
12467 81567 70
60883 32017 4
97500 39327 31
78112 82030 19
51794 81157 63
58360 93767 6
87683 7485 7
100477 66129 4
50250 83183 35
87941 100921 24
74015 97741 67
102575 42453 21
27860 38730 7
5453 18904 63
671 15440 3
37936 81921 7
57827 99890 37
79882 100675 8
72366 55329 9
56484 86884 19
19383 9033 9
65765 71353 84
25841 28152 89
17419 67492 10
47854 101920 10
86699 90184 23
85317 51306 41
29033 6972 3
75846 54825 40
96106 107028 21
4125 91473 63
31631 106068 24
63880 64915 34
102454 87012 36
87994 75197 15
18160 38730 9
77319 40413 18
40794 106004 10
96154 2750 18
85741 14417 24
82424 28549 9
77771 82820 4
72234 7391 10
30385 9864 9
36831 5996 39
20405 39676 60
46787 16259 40
24524 671 6
97267 37326 59
11054 41141 24
66733 56074 9
88560 77925 32
24169 89936 42
84497 35804 50
15972 27286 27
37954 106241 50
20890 4063 3
20674 28124 35
72362 68033 47
18707 58993 71
96725 46682 7
32351 90474 36
5847 72999 9
88394 24608 51
9897 53732 33
15662 98221 38
88125 39899 7
82004 41141 22
14734 41399 62
106735 100921 27
91408 32189 71
75020 61478 104
68616 7485 7
28491 40163 20
44379 23637 27
11255 50377 6
20007 75121 19
92229 88477 19
6580 16028 64
33979 13595 28
65060 56759 23
24508 22765 4
20935 24311 14
91781 35554 35
97761 40483 25
41896 25817 33
89999 3652 35
38991 13275 40
104694 66778 4
36904 83998 44
72951 9755 71
40598 17510 70
82954 37695 19
103847 8190 28
24507 93796 40
55382 26050 76
66129 4063 2
88477 16324 12
2524 71914 21
11295 87331 9
80574 9684 25
91808 68876 23
80767 39006 8
98694 87687 41
86147 66129 7
84790 48205 8
62592 107028 5
72937 31133 10
39226 84249 18
55120 40383 13
1576 29527 63
55287 88675 24
47683 85373 3
81789 72093 3
20343 5338 28
27735 101644 29
3578 90528 46
91826 48205 2
43319 20343 30
58427 106601 22
20566 41911 25
65864 74408 36
81425 4481 65
101689 105726 59
17875 98449 31
106978 2481 17
96331 84823 34
61705 106232 54
77925 63091 29
80571 101936 27
58312 72880 6
67333 35485 13
72414 95169 37
63091 24311 16
70094 104850 16
99383 53417 21
85593 103427 35
22288 30507 29
42971 86800 34
4596 12333 19
97364 35804 51
105979 11985 10
25212 44085 71
19723 88913 8
50644 66129 21
75497 54306 3
78486 37868 3
74054 88659 44
47281 28752 27
11905 51478 20
56759 69499 5
64796 51630 2
56611 48686 8
38252 103735 15
27022 3814 33
17366 102454 41
15047 96288 54
77984 96288 60
19455 75497 6
18243 99642 60
42959 106311 42
71961 70048 9
14460 85317 47
26156 20405 62
62221 41529 8
103427 27555 30
7457 64882 31
87818 104234 26
76302 7106 38
32004 92973 7
77873 22756 17
21538 105792 47
60137 62724 38
24496 21406 8
63747 55329 22
56056 100971 70
38467 62298 61
58598 73097 53
57849 34458 13
32930 39380 3
88589 99328 46
45622 36904 46
13326 69583 10
106811 53732 34
17834 47759 31
68876 59805 19
85095 97493 27
20852 106601 22
22164 103735 15
91588 32930 9
40705 65343 62
73166 14302 30
16074 9249 30
100774 41529 18
22905 28538 33
12803 63206 12
89891 46774 5
104397 93287 62
58074 88477 23
25817 23637 29
25348 55885 8
8966 85373 5
102388 59860 17
51121 54287 20
17212 5533 46
104878 67583 62
12495 38439 36
21422 72093 5
36404 78327 30
15939 52560 18
35766 65343 64
61331 94820 33
40842 39899 11
74877 86797 15
98406 3467 14
38417 99978 10
34176 88732 4
38775 96694 44
40430 20472 8
73653 74885 31
98696 24608 46
41095 85741 31
48119 41712 21
60231 41529 26
32543 48912 18
88562 40413 20
4801 27317 33
48574 52374 9
24720 40372 41
26469 43400 10
105170 38134 38
73797 84885 5
62855 21683 9
51909 735 23
69121 86797 14
11706 36571 15
18217 69499 6
78242 18832 41
91177 39380 15
38730 69499 4
22246 88274 6
69919 85887 70
26849 64470 12
49077 101936 10
25333 45622 49
76798 60591 87
54159 66778 7
25796 17993 6
83713 78112 26
84533 7012 75
29921 26674 15
92484 37127 14
17891 82030 10
57941 90238 24
55718 42402 7
76822 505 63
58815 34490 32
68529 91320 26
100709 85317 44
51791 72093 5
105016 1479 6
52099 10854 27
103001 69499 6
8386 95343 8
93526 17441 18
42349 91473 75
44605 69499 4
101334 50377 18
2750 34292 14
1002 12333 22
73441 44425 28
17441 106246 10
37987 41399 61
3492 31981 49
80595 44085 70
76313 3598 16
105138 57642 20
44425 63268 20
88207 82888 39
52314 55437 20
107536 76336 35
15216 70885 4
44634 104942 11
78053 95343 7
107170 31408 19
55358 42402 4
56186 45713 38
46737 59295 13
33585 13079 19
16632 71173 66
3896 64882 22
37811 60883 9
15256 69957 25
37695 95510 14
94561 92803 14
45266 17993 8
90278 64882 30
76826 95343 7
17624 20891 40
40762 88125 19
33297 83183 40
60142 48686 6
61022 92973 7
66717 17624 42
28276 101730 12
23394 70135 61
77751 59064 65
32770 29033 20
31158 91588 19
86165 64586 3
50601 105792 60
84895 9033 5
66787 48912 14
33802 84885 12
53115 67599 54
91362 33802 21
46300 38962 38
106620 37092 34
20229 11054 26
10372 59991 5
86952 47197 14
100256 20237 18
12074 7485 8
88077 67599 51
51429 51630 8
68620 42561 74
59131 58012 40
56297 81258 61
63909 88574 7
56864 71914 67
105157 79324 20
37092 29821 31
42751 40427 56
51593 6880 5
25155 27654 45
63521 63091 29
43400 50377 2
71352 100477 7
56189 88574 6
79810 39087 44
106143 7485 7
59860 90948 5
7812 75955 13
87254 81789 14
104330 101936 24
35477 42057 63
18854 6880 12
17510 19891 64
77663 93615 9
35735 64412 44
2121 44085 77
72880 72093 3
89550 86165 7
38826 84885 13
31674 47683 7
96118 85317 48
39380 107999 0
44478 15440 10
84850 11868 13
88774 94411 43
3778 84249 31
69493 16028 70
21080 21330 36
30990 22248 27
3536 88913 7
52877 38736 31
38641 39047 39
8597 63268 24
75823 87781 23
95115 76336 33
31271 20935 26
55031 22350 26
59152 18226 31
61455 60034 67
48570 81921 3
67000 69499 10
66224 100034 31
13558 982 34
87151 93759 29
62636 47508 36
24808 69499 4
106037 55329 19
88831 24311 16
68755 11537 7
104818 55247 20
51159 106864 18
98809 20028 37
14271 89665 15
29938 69499 5
3193 88574 6
33506 52714 33
36650 24096 7
70733 72093 5
26424 56484 23
59644 73797 13
20468 78080 87
62339 83998 36
23933 92803 12
5780 50377 11
67001 27860 17
99980 6845 56
10988 104238 13
86808 78327 19
83010 56887 64
15678 86758 43
98758 53417 21
85319 69735 19
22857 945 4
77033 40383 21
70756 71914 14
10639 85373 3
7082 26674 17
12936 8726 25
49189 37868 20
106330 97741 66
18398 89332 30
70711 84627 22
39922 41754 20
13079 3598 14
11378 65960 35
80404 69499 29
106248 2205 85
15674 59991 6
25892 46774 24
17094 67599 49
89697 34878 33
26699 32308 9
77672 106038 23
90238 107999 1
8941 77401 46
60356 66129 8
64620 15440 3
5439 95343 7
22350 88133 8
35649 40383 15
98464 21489 36
65184 72093 6
97101 95343 18
73387 67414 25
68621 61168 22
54973 11397 59
18226 41911 23
28403 3814 31
53157 60081 59
92973 15440 3
29594 106601 21
93194 37927 42
26200 40546 10
93478 17993 4
25459 70885 6
37884 41835 105
3614 11773 7
86469 17725 29
78404 9590 10
107786 84249 18
78681 19687 90
30273 59991 7
107300 508 30
22704 18675 20
66907 21422 19
76571 57789 19
24607 32770 34
60720 45587 22
88870 1479 4
37127 70885 3
93897 34280 41
101431 15440 7
77886 89665 15
94094 12022 17
57437 86392 27
35597 1591 46
106880 70503 15
102951 48912 35
14378 43346 53
98738 93615 9
27378 54306 3
73295 88187 24
10403 91473 68
104170 48531 36
42872 72093 4
61216 106004 8
91567 105792 58
62646 411 28
94413 3196 64
28981 51791 10
106208 2039 39
68775 59991 5
52060 72093 5
39277 39380 17
28480 69777 39
73844 63007 52
57799 60883 7
16836 91618 30
105994 63480 34
35147 11773 12
51925 16028 72
33746 43434 18
14121 60883 6
93927 42453 18
86478 7485 12
48915 10300 18
86423 72093 2
42493 106354 25
13205 99190 20
85376 75381 27
90474 18265 23
68838 79007 21
21892 8171 34
27184 100888 12
22694 89112 19
56428 88574 7
77649 9864 9
39362 40413 18
95343 69499 3
63782 94411 42
103160 69499 5
22859 62633 13
70451 69499 6
50130 12074 16
80484 47765 82
75892 31785 41
90284 1531 44
48767 28125 46
82030 39380 2
65822 9249 36
41779 17891 19
23675 90978 62
34688 104135 67
1266 91618 36
42736 48104 12
30507 70756 26
106193 56074 4
62075 72093 7
78485 16324 30
9590 59991 5
32206 84814 49
21489 37868 8
99722 7485 9
100693 35485 16
69090 9306 38
68809 77934 66
6614 93938 72
35369 92803 7
32047 75497 8
66578 60883 10
11178 88574 6
16114 4063 2
71648 72093 5
51395 107028 6
94818 49992 35
88826 90328 28
75121 6972 3
37253 87257 30
106068 72880 6
83472 66151 64
81344 35485 9
84911 15678 44
72327 4638 65
47782 54825 41
73615 6972 3
39737 61168 21
72130 72093 6
105901 63091 22
103104 94411 43
20436 51630 2
900 71580 14
95510 7485 8
98969 31529 45
3986 83856 39
66877 82403 42
40833 55929 35
925 81493 24
34738 9864 18
34014 15216 9
22544 79324 23
82037 25212 90
45413 7452 29
79746 22054 44
89160 83010 68
100433 76051 14
75843 37301 25
50070 34458 26
81126 93759 31
72524 73783 74
29096 65019 8
95434 47567 26
11734 97761 27
35859 101730 15
76869 75497 6
11194 18167 30
64976 88574 5
40260 72093 5
85158 62298 78
59418 78327 20
104531 29033 9
28752 93899 21
7730 30160 65
37997 40022 43
13533 41779 25
62885 29124 9
80028 83617 74
57645 7124 35
47765 26050 76
8893 24808 8
89332 87254 23
71091 18265 23
77376 72883 8
91232 50377 12
51725 54011 34
1301 86794 46
7106 81789 28
18745 51235 62
27263 45441 32
88579 16114 6
15979 93899 22
87781 57789 16
44551 68997 20
15584 2481 20
46643 12856 86
39087 39574 42
58465 86165 6
505 63435 62
3467 11773 8
65368 40533 34
65949 26214 16
33101 41754 23
6171 48686 6
91479 60883 8
91516 32343 20
16987 72928 46
61481 37326 73
72353 40383 15
93583 30677 64
29736 84249 14
31739 48205 7
19913 89332 28
15506 53115 58
27666 101936 8
10547 55929 36
80957 99117 60
46495 34088 95
74658 87941 29
62140 51630 35
59665 88870 10
68479 64267 94
107982 8597 34
3671 11773 19
11116 94634 37
831 105977 10
28681 69499 24
73672 29527 70
84235 48686 7
4912 30914 62
93615 59991 4
62010 12333 12
45041 17441 14
24861 5996 40
88677 86469 32
65243 20891 37
90948 107999 1
12376 46774 32
35171 43400 7
85996 57789 19
56878 11868 10
33220 68997 20
8367 72880 6
58191 68997 22
73827 15691 69
79043 65343 62
26167 60231 39
101602 40413 20
14302 22694 26
37244 89332 28
33007 99722 19
92490 36144 45
81901 6841 30
36870 59991 5
16911 95169 28
47975 76841 51
15985 81921 14
54287 100245 5
67393 12063 67
77514 82030 20
60600 66778 6
47972 23957 48
51879 42402 5
98552 93372 9
41712 55718 14
39484 24096 12
42178 107999 6
99809 29884 15
73335 93507 7
67133 106004 8
3294 49182 24
81059 85887 71
96878 77514 26
49830 56697 9
88045 21422 16
53110 7391 11
28833 103735 13
66766 83366 61
64416 24808 8
10282 19353 27
84603 9684 23
23951 51003 24
41141 16324 15
65960 27735 32
28360 42872 9
42813 70659 13
80945 12022 9
67956 7151 67
105639 12022 9
51885 103735 12
86884 24496 12
21427 78407 11
79142 69499 4
69812 21326 35
15095 29003 54
37927 41529 22
34990 15440 3
47232 67414 26
107603 57080 72
90072 59991 5
26496 67125 35
35865 104238 14
23271 93899 24
85896 42402 5
98449 81789 24
41640 82433 30
13155 66778 6
619 72159 75
51509 68876 33
51717 56887 68
72036 56309 48
44248 66800 23
98732 26945 18
70536 72999 11
21056 73797 9
90861 12022 18
50377 107999 0
61303 69499 7
27842 55011 59
90351 28242 39
23726 107382 26
41894 93507 28
72019 81157 43
25367 88732 5
65399 95106 71
30024 26214 15
85767 62298 71
11804 69499 20
73849 16329 41
65216 68997 20
74918 72549 20
80857 60883 7
19443 86165 6
48625 64934 10
18830 60883 6
41529 39380 3
92803 107999 0
44138 95999 69
27317 62221 22
104012 12074 14
88289 59726 14
84425 70659 8
79982 11798 61
95861 23933 29
57683 94428 22
104255 63987 43
14417 95169 17
37370 99507 25
48387 93759 29
89936 98221 37
71580 69499 4
84458 95343 10
73857 37244 32
83917 54078 8
101613 71830 70
61201 91439 48
274 44551 27
52492 74658 35
21934 64271 19
107200 48205 4
90088 74696 41
99890 92155 32
37103 1825 8
49731 15214 20
51847 59991 10
100921 68997 19
30834 48205 4
84255 1547 27
59708 41529 57
36306 107999 2
93223 46774 23
29911 59805 22
33213 58319 64
38736 42490 26
55247 51003 7
106844 72093 7
76393 84422 44
16510 39899 14
52257 46620 100
96920 91898 79
8488 88125 10
13973 8808 28
21399 84249 13
105777 11201 83
64734 41141 24
61164 82820 12
6845 51584 53
50279 35171 21
41336 56074 5
30230 101936 7
69081 75846 43
61522 38730 8
24146 103844 23
98553 68997 24
58316 106004 5
6800 69499 12
43081 16855 32
96128 46046 33
46105 78407 8
65565 98738 16
44901 68467 16
15526 86165 6
106934 75919 38
16744 81921 25
20392 1479 5
6508 82804 47
48320 82030 30
88042 86423 12
19822 257 62
107089 106296 68
19729 47567 32
67591 11537 7
72392 32770 29
36416 56189 30
23236 84885 11
33106 80028 75
59805 26674 11
99821 71580 14
56974 13254 23
64773 69713 71
12013 15440 3
88924 96725 12
55286 69499 8
16013 74283 40
2378 99978 7
24547 40413 21
13608 59991 7
26091 28664 31
93961 15691 48
75108 9864 12
80419 21422 17
94296 59991 4
52464 63775 23
54926 48570 7
60046 69544 44
71196 85380 47
68441 38730 7
22392 84341 29
57850 86861 41
74520 39676 30
90405 77319 24
32287 23957 54
51003 72093 2
48935 72392 37
77477 94411 38
72106 49731 28
88814 86165 7
49267 23628 70
87660 46774 5
37778 58319 66
44892 48205 4
80889 46682 6
72097 10080 32
89619 59991 7
101051 106989 32
29431 24508 10
12133 16114 6
104074 88477 22
73487 59805 18
99297 94561 19
40801 7485 11
55603 48104 6
96527 48686 5
94820 20935 20
54825 38962 35
81826 13138 7
104936 97091 36
41485 92906 9
86454 48686 8
373 18336 38
26038 59991 7
30335 73527 23
26260 96058 29
62860 88659 48
77484 91826 4
97192 104170 44
80999 50377 10
33272 106601 22
98212 31624 33
19526 24096 23
87227 104170 39
101365 1586 60
13275 58012 36
1264 28833 25
65177 79560 12
89112 51856 9
49215 39990 12
98221 38962 33
46755 45428 37
60982 25459 17
73275 105977 9
40965 59418 25
30762 3532 21
5736 32189 71
71111 60883 6
13206 1479 4
63141 43441 64
7407 20891 39
62724 68997 24
101307 67987 35
89024 60356 15
21687 48686 5
106938 98553 29
93172 26674 18
100568 63206 14
92691 107936 22
66826 57540 10
80884 5469 41
83188 51856 9
27555 87216 26
69491 104030 65
11495 106004 7
52248 106232 65
21223 42775 71
107266 68876 27
43441 79043 63
69507 76336 32
33193 945 4
37460 28242 52
16197 47567 23
51467 67669 32
7216 52714 35
77152 47567 26
47314 48198 18
8799 88574 4
53235 59991 3
82368 106143 43
15473 69583 8
63907 90116 24
65305 59991 3
43288 50377 12
102206 88574 3
75619 58012 67
96694 51306 43
65257 83998 49
71511 64586 10
95169 19158 8
56783 51003 13
236 56759 21
88245 52464 29
61134 15440 7
4843 63015 68
83377 29124 12
86366 72524 77
73489 30677 64
2969 92229 22
20891 25817 33
27343 39985 19
80075 1825 9
31915 67710 35
99120 101936 21
101796 30914 60
57522 32017 4
98835 60600 15
87434 107461 30
1671 80712 43
81258 72212 59
74211 46682 7
45461 86454 29
88913 59991 2
73218 38730 7
66032 900 28
35651 19706 56
46032 36005 48
72844 68467 24
52252 51584 50
31687 35809 15
67583 101796 61
28561 1562 22
65332 69499 6
35431 8966 15
74792 59991 2
12102 54306 9
67996 48570 7
68416 103735 14
735 17891 15
7505 90954 11
62691 70503 8
57540 92803 2
41835 57080 70
8392 107881 36
41134 77319 21
85483 8571 8
62736 106004 5
80479 1479 5
40326 95369 20
74370 88274 14
10748 48686 5
10198 7508 30
9391 94311 19
56697 4063 3
78327 71914 11
105359 48205 5
55525 86165 7
28570 70659 13
67434 88732 4
7200 81344 22
93431 88574 3
25850 2271 77
44616 100433 19
53988 1479 5
59042 92229 23
84737 44379 29
62975 27735 33
42408 104795 40
48332 67414 11
42561 41835 71
26682 72093 5
94488 4035 43
71258 59991 5
44904 68876 41
31806 58126 66
33752 89112 17
66151 30914 60
1925 7106 38
96237 100888 15
50766 56074 8
22248 16324 18
28485 17891 21
32708 89665 17
61677 36721 87
74479 103844 21
60170 104118 20
57709 19891 65
56069 90861 26
19499 86685 10
26941 29904 47
48551 57080 71
64115 11773 10
54390 507 48
48912 72093 2
47998 77554 31
291 90474 27
16396 81059 73
48727 71501 4
9472 105792 62
64882 72093 4
74842 23842 32
66985 62592 8
47002 20935 26
3232 86147 14
33864 19564 33
103834 59991 8
105726 20610 53
106769 65896 24
102763 75636 27
58098 41754 32
88450 25817 36
12605 15440 4
48954 31529 46
72212 50650 58
100264 3652 36
9781 107028 8
107875 66129 7
44053 81157 26
47110 9864 20
93874 32308 9
68619 22164 21
49534 100256 23
59295 59991 4
40022 87012 35
75636 69499 13
55437 81921 5
30879 15008 45
43011 55718 20
55476 60600 16
57010 84850 17
77580 92803 4
51689 42199 23
2605 15185 40
37164 55358 9
61184 59991 5
18927 33754 14
104475 11537 6
50343 1479 4
36721 79060 71
94634 106601 21
23869 106004 6
98740 23819 9
51687 70503 9
91528 45222 41
39353 58900 28
49216 81351 16
60402 104238 9
106596 68467 22
66835 101796 63
52820 654 38
72098 46682 6
101058 57789 22
8421 21683 10
63283 88913 8
32383 92803 15
29821 51003 25
88075 84603 27
101822 103427 64
1588 57849 19
1850 72093 7
83811 59298 34
71206 14271 21
17575 17725 33
104015 89550 25
107776 61022 11
32189 60942 70
58337 99821 24
86685 85373 3
50240 27309 9
7988 46905 35
23005 27097 69
18158 90238 9
87050 88579 11
107999 107999 -1
85887 60942 64
64267 69919 72
84834 31369 27
12528 62592 8
106085 75238 52
93838 78327 22
22842 79560 15
45417 103844 19
25944 83186 42
95401 48686 7
95937 71914 8
3506 65842 8
75612 32308 16
35659 106811 38
45949 76686 36
80926 72549 24
56729 60883 9
90137 72093 6
30914 50650 59
9322 48686 7
41422 31478 9
35250 105546 11
15950 75381 25
24311 70048 6
54507 58012 40
50207 76601 26
21774 67414 12
43528 104531 26
98405 3193 13
35038 34458 17
36571 15440 7
37830 105977 10
24874 61236 72
22809 27309 8
90184 21422 15
83483 84885 5
60814 88574 3
60245 62605 7
103791 87862 29
3517 2229 25
77451 20472 9
52158 100675 13
61746 12803 20
8190 52893 21
3534 3598 12
609 11201 96
71739 96719 73
75955 32017 4
76512 48686 5
45838 74370 28
67136 52560 19
18067 69499 19
103687 84885 9
88310 71501 4
84266 59295 11
88928 61236 70
4396 86344 43
2793 21489 29
106416 9686 22
51024 7485 9
76220 40413 21
59507 1562 24
62684 47683 10
19158 39380 1
69686 24311 30
19664 11590 76
90940 27221 10
67663 16114 7
22597 24607 43
103325 42402 10
36910 43756 74
9647 46774 5
58421 41141 22
15924 37778 67
48093 24311 34
45835 32017 10
42703 59805 21
13618 26674 16
106357 54078 16
97617 70659 8
101978 59991 2
31464 21489 37
34088 67212 73
65251 3778 39
72003 78642 35
23629 59805 18
15727 21422 16
3995 16372 86
59125 28242 75
60942 58319 58
69118 58312 26
48232 28156 29
66487 70135 42
78550 107028 5
51478 88574 3
96157 411 28
16832 80899 40
96662 88574 3
75983 59991 4
62581 91473 73
16903 24508 7
66042 16114 6
18132 86165 6
36620 86165 6
73151 103735 9
38232 63907 36
25691 104795 44
41325 4063 7
25144 24311 15
57223 39327 31
104700 87254 22
104234 71914 17
34486 1948 11
91334 21225 17
89239 8321 39
67216 56297 62
55698 51593 14
96746 78404 18
85401 42012 60
74699 59991 3
1361 65896 27
36228 48205 2
86216 107028 18
43312 56074 4
9523 55929 34
17997 77771 13
20748 42402 4
62344 20343 30
17057 71079 71
15794 61677 88
39985 29938 9
11390 105994 47
4767 13222 63
95106 27097 69
107530 71286 75
85583 12074 12
68711 41835 71
12333 48686 4
45174 86423 18
9154 72937 20
1631 37868 34
54415 7485 20
86364 26674 14
22579 80800 42
52769 29205 17
10777 43400 6
67492 88574 3
50990 50650 64
52560 7485 9
46867 59131 43
99406 18927 26
15467 735 26
52133 63268 52
16662 1479 4
87621 39574 42
39514 29921 22
59136 48686 4
15197 64934 14
51912 30526 68
25034 86412 31
35617 41529 17
218 11537 6
72683 72366 13
94130 107376 67
103010 79324 22
43211 106004 4
38847 86147 13
74861 54078 7
1547 81921 3
64226 87781 21
46905 71419 10
14932 48686 8
11705 60081 43
49186 39571 95
61168 21422 13
29492 59991 4
20925 38991 42
58900 44478 17
96418 36650 12
28520 49731 25
82891 17891 20
8823 89619 39
103976 107028 4
47047 59805 22
96814 29652 28
15449 33456 17
37609 75082 9
22513 59278 17
35972 57789 24
8137 48686 8
3532 64934 9
16855 95343 7
56183 1562 21
21858 82734 20
79385 86423 12
39192 88133 8
21138 101122 57
32113 63345 9
52631 24692 56
64342 28485 27
97362 29400 42
87269 103001 20
15053 68997 19
102248 89904 46
68014 31271 30
107519 70503 12
38120 101978 8
1586 71107 25
19612 24311 30
25201 3981 38
86794 87012 38
2759 11537 6
68174 30385 15
50842 86165 7
2311 33193 18
85439 96106 25
6301 86165 7
35355 86165 7
81898 48686 4
106311 29911 29
67781 84249 22
52476 68467 24
45751 80945 19
21871 67669 30
73077 100888 17
102643 47987 26
50503 48205 19
47873 3467 15
26050 58120 62
40925 7485 8
67987 65332 13
70070 65842 5
105666 28124 33
66574 78505 33
30526 9836 64
3981 17725 30
103200 60402 17
30109 95957 27
21734 107881 37
102549 53763 58
82734 92803 7
21755 23431 24
42482 59991 7
79007 86423 9
78642 100921 25
50387 27184 25
4573 66710 80
58721 60095 33
4478 105977 13
95369 36350 9
33233 72093 3
55048 28608 25
69583 72093 1
35986 103427 36
24618 46054 64
7485 72093 1
2639 68997 21
32815 54070 29
100833 72999 19
50603 60883 7
71435 40762 27
48127 69919 72
54056 23629 25
22756 48686 4
84724 79865 20
28451 43766 70
103906 26806 63
21955 39006 11
33347 79865 24
61014 1948 9
105251 49731 25
44701 59773 67
147 52464 28
97939 92803 7
56210 8571 8
82083 34990 8
76347 53975 36
46670 33155 13
14886 44478 15
30843 87012 37
17027 79882 15
91416 84885 12
71726 72212 60
55229 87254 26
56257 38962 33
80139 70659 11
29706 1825 11
82433 8726 19
48690 56074 6
19497 12333 18
55262 69544 45
54036 17993 9
22363 23637 26
20903 30273 24
39333 82030 16
12165 95169 49
27573 105792 46
37340 88450 47
9684 16324 14
26532 12536 20
58120 27097 58
30374 104757 31
23840 46774 12
88460 93899 19
88737 18167 26
68459 57850 42
35332 36066 58
22281 77454 72
92280 64796 8
15105 70536 21
5338 64882 22
32491 19158 12
41901 59991 4
72349 95957 26
60610 25336 29
97651 93431 20
63989 81921 12
44161 88477 17
50273 16424 37
99113 91898 72
67774 29033 10
70518 15440 9
57160 72098 14
99328 107428 43
68807 76856 15
104673 32930 6
41496 39676 31
618 27990 22
57987 38962 34
104515 41745 40
75381 82030 11
55520 103735 17
88594 12333 13
79865 56074 9
59278 11773 7
36614 89332 28
92300 15081 11
69735 107028 5
62217 93478 11
30865 71091 30
94176 70503 10
28588 39899 7
7465 43528 43
54049 11537 6
65343 19891 61
32803 21489 19
21330 59991 2
1099 4063 2
31133 100245 2
73097 23637 25
59433 89778 37
24193 80139 26
60235 80275 18
11629 100245 3
75782 103735 10
49921 35986 45
18167 81789 9
103047 74229 34
26652 75636 21
72928 105136 44
23994 45222 40
78567 21422 20
26674 37868 2
74885 68467 21
10300 107028 4
102160 93899 22
101986 9033 6
86832 55437 21
62702 14778 68
46057 22694 25
43417 64882 26
66026 59991 4
83998 90116 31
6107 81351 21
294 28561 27
99580 101869 17
4971 104942 11
38204 81921 8
71981 42453 21
8019 7566 42
84070 89332 33
101205 43400 5
67128 11985 11
85818 27317 30
88746 9864 19
65874 48387 45
1914 93897 62
88076 106004 4
81984 88477 19
102426 42402 33
19066 88133 9
74654 51630 5
7251 45222 40
31999 100245 2
82574 48686 4
62229 12074 12
56400 83998 42
11444 98733 48
101644 81921 4
20691 26674 12
60058 34990 12
6841 101730 16
89652 106241 53
46174 48912 15
81513 68997 20
13362 34990 9
33496 46465 18
80148 59991 4
95709 88913 8
76373 88913 7
30198 64586 5
25762 15081 11
83617 83472 66
30037 27317 28
13135 52714 34
21453 3671 30
81493 103735 8
78988 86165 9
19426 15678 44
798 91618 30
61345 80484 90
64346 71079 69
75568 33456 20
31332 40413 18
48737 1479 4
12253 73797 9
4588 24311 29
58347 93899 22
99878 33155 17
22053 48205 6
104103 88107 32
46524 72093 2
86220 3896 27
7811 51630 4
70659 72093 1
83693 46046 33
71338 58465 11
62633 107999 3
9719 95363 37
98228 11773 9
67125 48912 16
46122 40022 48
84341 44216 23
46466 66669 29
49015 1825 8
39787 48912 10
91816 39380 6
75641 41835 73
33164 68876 24
3731 40533 36
82830 62914 9
36922 103200 27
71935 91335 20
84350 106601 30
7467 35485 10
15102 24096 24
44254 48658 84
18906 93796 40
64386 35735 45
65505 90116 35
50074 28464 31
411 18167 21
85646 38439 34
93353 48205 4
20945 93507 7
20027 8966 15
53222 71501 5
47885 106143 33
47859 41988 72
99720 51003 14
13460 64470 13
64271 81789 8
13934 106978 24
507 22054 44
16844 107023 20
58771 51879 19
85673 55885 11
78885 73169 30
71237 51003 19
47492 80957 64
89480 73797 12
105136 94411 43
40722 9636 51
8542 72093 3
29004 82030 14
20714 4063 4
103838 34899 88
53955 103735 14
17881 106989 31
104745 216 11
105789 12536 17
84695 17094 55
21500 51630 8
29683 48686 5
65908 50377 8
3728 91588 14
14447 51479 53
30339 79560 10
49182 26674 12
106601 41529 9
79593 51003 15
99839 71830 71
29400 30843 40
98612 87216 28
252 2271 78
65694 51306 40
52696 72549 19
107382 17891 17
58689 69499 11
96788 71580 13
105198 62914 10
91439 104908 45
10360 945 5
10214 104531 30
43133 54853 26
69592 59991 2
69921 52813 35
73802 48658 81
59773 50601 61
27286 42453 17
3260 15440 9
17731 87216 26
71002 13362 28
76309 671 5
68033 17731 34
37723 63044 29
42182 87254 30
5779 86797 15
81003 107936 21
53584 86423 14
58788 40022 39
89904 4588 39
58691 95957 41
99870 60883 7
66259 42872 10
83421 37326 66
81589 33456 21
23237 38120 25
48198 59991 3
51584 25817 40
5797 37868 15
49715 64796 6
101565 57789 16
39238 106246 15
16120 58689 23
14231 41379 35
104169 28549 5
95830 28377 37
12883 19455 9
35697 83483 16
91832 15440 6
97894 103791 87
16029 11537 8
76118 90954 10
56288 101944 41
657 34990 11
88886 66778 5
104795 38962 35
21218 4063 4
53547 62605 8
68805 60942 60
91207 4063 2
14830 39907 24
33785 88133 8
47510 72093 2
67669 105639 24
23998 43766 71
39676 23637 23
55153 61022 23
70503 107999 1
35268 67125 26
99642 62860 54
44684 51003 19
60204 21330 10
31738 19613 8
89977 71111 34
49262 84189 16
42041 21422 13
65958 66778 5
9229 65842 8
101869 37868 3
27561 101565 46
27749 85887 71
24772 27749 72
6628 55229 37
54536 81921 19
81695 107936 17
93135 40163 19
21225 50377 6
97473 92803 7
27309 107999 1
2559 51593 9
71023 7391 25
22143 48531 34
51563 105546 22
84627 86423 9
55540 20028 35
105028 69732 66
19246 91826 7
2671 55718 21
45263 59370 40
82263 20237 21
4817 82284 39
73310 22765 9
42490 26674 13
47783 51630 4
8968 26050 63
74696 18226 31
7433 67774 30
23374 70885 14
52470 28524 31
30677 81258 60
70007 79142 10
34194 46054 66
104740 42199 22
47484 40413 23
1766 102178 30
30099 88732 9
50650 105270 55
28156 63091 21
38239 71580 11
92983 40899 13
24692 81068 26
59080 88574 5
29352 43400 5
58012 63480 31
73241 106038 24
5681 45751 40
94354 42402 5
39492 1562 24
11397 63907 33
49196 105901 29
82867 18261 29
42380 36066 62
101139 21422 11
15535 86800 44
42386 47859 74
57390 40413 19
93938 71830 63
20863 90278 38
16866 26807 46
75873 16324 13
27359 104850 26
96224 101319 12
51284 73615 14
45559 88071 52
92411 70503 9
29490 34820 55
28644 56297 62
100255 46682 7
48658 83472 72
8049 4063 2
20549 54078 7
62686 88913 10
89865 12536 10
29561 106004 6
101556 26156 78
80215 50377 4
55512 106232 65
22138 81921 21
100338 35477 78
8457 37255 24
37068 9684 23
35947 17891 16
81809 94354 18
22733 83998 47
83212 94413 66
39571 36721 88
83697 23933 24
44353 71215 11
41747 12022 10
90759 1562 19
21199 48686 4
2664 20343 35
5026 10639 10
3196 19891 61
83879 46570 30
84139 69499 3
52416 216 10
19305 59991 4
3769 106143 35
78059 11773 18
98251 48912 31
18608 32017 12
67951 91060 79
42775 96694 44
59726 85373 3
71079 77467 68
99009 86291 54
16646 107382 31
36862 66669 30
49776 41485 25
75739 23637 25
25210 55287 30
19353 50377 10
68004 84249 10
23178 38730 8
94411 93759 32
102181 29090 60
40709 19913 32
1554 75636 25
67647 66129 21
33729 40546 16
97208 48686 4
57090 63909 26
42367 11773 9
8031 105136 44
26261 42380 63
37134 37936 11
56389 106004 19
43615 51909 29
8057 69583 13
19899 59991 6
20137 2391 16
97016 70735 56
64205 9033 12
34878 87254 23
7915 1562 19
69600 100888 14
78512 3232 34
5226 92712 80
74455 75497 6
6098 37868 5
67071 48686 5
52378 92803 6
68658 26721 40
95713 74408 26
11324 84885 18
102462 15102 30
79424 39676 36
102259 105770 11
107783 15440 8
46800 46983 51
15150 48737 16
35293 48686 6
69648 106004 7
51437 100245 3
102121 63907 34
54428 411 31
94627 21422 12
79636 100245 7
49106 53047 35
8573 11773 11
15821 26674 11
97975 25201 49
93519 75381 30
57140 66778 8
40551 76841 51
89578 169 61
73324 17731 38
25168 73643 33
13810 23933 29
40192 63206 18
103459 47492 69
37326 53115 58
104319 95343 10
25268 42367 21
7151 89522 65
100365 23933 24
93477 2391 18
84133 65399 73
10164 100774 23
25707 55247 14
40987 14417 23
22401 34899 81
9173 73169 29
45587 59991 2
77693 47683 6
523 60356 29
88908 52378 19
47192 102328 62
99148 83998 44
93154 6800 19
13660 59991 5
38022 52769 25
104262 11537 6
84674 39200 27
16782 11537 6
92807 11868 25
102050 23637 23
41489 61469 15
83186 95363 39
52295 47526 5
86392 70659 15
73314 17993 5
42798 31133 11
31556 89891 27
69544 51306 42
61963 100264 43
11428 56257 43
32357 55329 13
88564 50130 24
67390 82030 8
35420 65896 24
52203 63345 6
75238 4035 43
18336 72093 2
101278 48205 3
33462 84885 8
13166 49189 24
99921 77010 79
1897 33232 80
81079 59991 4
38962 84249 21
27097 38755 54
61338 32017 8
74517 65971 21
64890 25892 38
61163 83562 77
36497 45263 43
85123 11537 7
100518 8966 20
95428 105994 37
9581 12856 72
47367 32189 72
7908 56074 9
6534 93874 19
68814 105901 27
3327 1562 28
97961 69957 28
15755 22054 64
97455 1479 11
26898 87216 28
34519 97091 39
94156 55437 18
94474 93172 35
21089 71501 7
71107 81789 7
11755 63268 19
23199 12013 8
94993 52378 18
75929 1479 5
51406 93431 9
30917 73158 33
21847 3896 35
8808 84249 11
45885 67414 19
28549 107999 0
102178 67414 19
61236 106330 67
94865 44634 17
72076 59991 9
98701 106601 28
16895 609 100
46087 49032 42
88107 87254 25
63760 39380 12
47346 62724 36
46204 106155 13
96344 54306 6
19422 22756 21
60714 79385 21
7220 21422 19
97069 16013 41
44364 33855 31
47759 87254 24
89522 66766 63
91239 42453 17
50270 48205 4
62642 34458 14
65594 13275 48
87257 23637 22
74408 107523 9
33229 44551 25
4078 26674 15
55679 1479 5
3077 84255 33
71626 55885 10
34993 19154 76
38537 48912 19
57252 59991 4
58380 20343 36
52604 41835 72
85207 104673 20
63435 14144 60
71830 37987 62
76710 88574 3
40383 72093 2
91372 7485 7
50548 22694 24
60992 37868 5
53632 12536 7
19891 51235 60
24975 73527 45
97145 65896 25
30231 86364 22
41749 257 56
52764 82888 39
84051 59370 63
16564 28185 63
38081 22177 36
48128 46774 4
35809 15440 3
31635 41529 10
43203 12536 9
81567 107957 63
7127 94818 40
81698 65019 8
29714 18160 19
49633 1479 4
91857 71830 68
89847 671 5
94335 97493 31
92185 21422 11
61265 70733 12
24608 58012 36
85975 17891 15
39537 95169 16
105161 19836 40
81554 22246 11
46113 78486 6
2699 46774 7
59137 37092 35
77896 81592 76
107091 106459 42
45628 72098 24
41754 70048 6
96546 51834 13
47987 82030 11
66991 26674 12
100956 19353 32
60001 72999 17
95370 64586 3
11153 88477 19
48419 17993 4
64549 105770 17
96401 99615 40
90015 93899 21
52949 39103 45
25368 1948 4
91618 18167 22
23431 59991 2
25979 41336 12
24843 93938 72
16372 34899 82
107398 77771 11
6383 77934 65
98017 26674 10
107782 104694 8
54242 80712 60
74733 48686 4
42199 86423 7
98638 91826 6
99650 69672 83
28889 100245 4
1591 63480 34
11897 100179 57
39695 84885 6
94423 48205 2
41229 66778 5
100411 20472 6
106902 11537 9
11822 4588 37
99057 98017 23
60071 20237 16
48163 81789 22
30485 9306 37
104908 34823 41
79641 81157 30
25603 100245 6
76874 18167 28
84780 32189 71
49291 1479 4
11 15985 23
55136 82030 11
71814 100971 103
70964 100245 9
30315 84458 20
66821 76841 58
13969 85373 7
272 8726 24
44481 87216 30
88797 40163 16
16912 68467 18
60257 69499 23
26157 3598 14
102142 20472 7
43756 77010 64
95829 2391 18
10688 16114 8
85524 50799 9
67955 6580 110
41379 31739 15
50413 42402 11
64918 29993 22
76065 70733 9
88357 4999 16
12404 22421 29
95349 59991 2
94039 51630 7
39024 79043 84
105270 29904 49
43434 92803 4
70391 100245 3
67720 52538 20
12627 37954 53
102558 88477 21
66039 48686 4
48639 58316 16
78947 52374 15
37438 72999 9
66632 81921 18
4343 66778 4
12995 15526 12
7729 104673 21
42012 35804 51
103227 96058 26
87789 86216 27
100179 52252 51
86758 39574 41
69634 84603 27
1550 75121 10
64154 54078 9
2493 64271 21
57047 56074 6
34280 31369 35
102867 1562 19
11236 91826 6
89788 17891 18
92154 107200 10
16472 2793 36
7361 33456 28
77805 34176 10
10516 12022 31
20717 20891 38
31369 72999 10
36051 106246 10
75052 100245 7
101937 38417 25
48531 68997 21
77528 6098 17
3397 11378 39
69364 31529 49
22230 17891 14
12828 21422 13
85906 34194 71
80917 48050 71
34666 71286 77
98539 107028 8
84940 88477 16
85380 86191 45
46532 84885 17
9853 103735 29
59764 2229 21
71583 66778 5
2780 11868 18
89749 51630 3
91141 50377 5
107881 68997 21
81243 40158 52
33910 82030 10
45221 84885 5
100519 82030 11
54253 97733 72
36809 106038 28
51991 47683 6
34944 84255 42
54850 107936 17
21326 75381 21
64426 43400 22
102398 17624 42
32672 72093 2
72576 71961 24
21865 48205 28
68281 42402 12
9500 59991 2
73707 39006 24
40533 67774 26
100971 66151 62
8303 100245 4
25177 51630 5
72984 52538 20
73972 83483 15
11988 10117 61
58614 67774 26
37409 20935 24
75623 1479 4
20948 85317 45
62537 71648 10
13771 93478 11
59056 11773 15
101729 48387 33
59064 85593 55
14975 86423 10
45222 105901 35
3636 100245 3
42320 26050 79
33632 47972 75
85186 86423 11
15249 44901 25
65062 100245 2
84347 27309 8
17060 101644 28
44977 52783 6
98931 37868 17
63268 37868 4
4667 23637 23
49032 38962 33
23531 34832 68
68525 64620 8
54853 72093 4
21891 107974 35
59037 17891 17
5787 103735 11
36119 81921 15
42828 39226 22
8935 48686 8
93287 18346 61
15561 16632 71
91699 13138 8
37301 82030 11
96624 55287 31
80800 105901 34
42590 43441 64
9686 86423 7
5060 16834 27
15244 3598 12
41745 41911 14
46983 86758 43
41972 21787 15
97493 574 15
58226 12536 18
44203 31133 16
23197 57789 15
18143 61220 77
79739 47683 6
66169 28644 66
91320 1479 9
30327 57789 15
69234 8966 9
57317 48912 26
103785 17993 11
9306 87012 30
12905 2188 11
99024 72093 3
83705 11537 7
49940 103735 12
98237 107523 9
72820 97364 59
7019 8966 9
91476 46733 82
85118 53417 24
63292 7889 66
40251 55437 19
36007 60600 15
61478 13785 102
47485 41116 52
86251 48954 72
90996 69634 34
48487 39922 25
28829 23637 23
37280 37936 15
16424 100921 29
17202 41896 76
96110 66778 6
84623 52374 19
45097 23637 24
62215 38730 7
77987 46774 5
22079 95343 13
88987 22857 9
91866 103001 10
33132 32017 5
81046 24096 14
83238 10104 48
68241 100921 25
104895 11789 37
46440 27309 8
106464 67333 20
34652 29205 25
80370 62973 17
31821 89523 43
79319 60883 6
65618 93478 8
927 17891 15
45654 26674 10
33855 81921 15
18394 42813 19
5056 79351 43
24331 63480 33
36066 67599 57
77093 9755 72
45423 96817 66
94512 82433 29
25336 106864 19
96130 29205 14
62597 91528 42
42978 69493 74
6320 105546 9
46156 106721 33
93891 100245 7
7012 107039 74
18736 57189 65
622 1479 8
29090 85380 52
107577 27738 61
37255 37868 3
52789 58012 37
39260 72937 15
7566 27309 22
19283 25459 13
8633 55329 15
31974 88477 18
74299 32543 24
105064 90116 40
56921 11773 9
90978 88207 48
70243 48205 7
36888 20237 15
4791 65896 30
91962 37868 17
53507 20935 24
78792 40383 17
81231 88274 15
22147 57789 17
63609 51630 5
63399 105977 17
18564 84458 20
32155 42402 7
3859 12856 90
19969 81789 27
34377 104850 17
102311 68616 10
12743 38251 65
88954 106396 32
80972 42402 8
63919 51478 10
74173 101936 7
23396 5780 22
78251 49992 37
59437 81517 11
94449 40413 23
93440 59991 3
83741 39990 11
30270 51630 6
2205 27749 76
13689 16114 6
1993 42872 12
101833 9636 54
69375 99978 10
53962 12333 12
95363 87012 30
95036 20237 18
98629 84885 11
107461 46774 12
70090 9501 30
48344 106864 13
15691 56257 38
36402 38755 60
7629 40383 14
93277 33456 17
76686 81789 12
104283 106004 5
71384 9501 41
6541 29821 30
50271 28549 7
66669 29033 8
61501 55718 14
94016 21422 12
61144 3532 19
87216 81789 11
16020 84051 73
38755 26941 49
28566 101122 57
18463 57317 34
89916 87254 24
84059 86165 12
4670 64882 24
5624 40722 52
106979 74792 15
95957 84249 12
82543 68467 15
77386 66778 4
55243 59991 2
37642 91416 24
99885 4063 2
75919 62724 32
63410 37092 39
13648 103401 23
54950 55358 11
41330 37987 80
55624 68713 90
52141 29033 14
982 31674 14
43346 15440 8
38861 51003 12
103331 76051 15
56207 61469 14
38573 38962 36
17614 29938 9
50475 15440 4
39261 91208 67
15149 69499 5
47021 106864 13
70860 41754 21
13222 10401 50
12932 106246 8
43551 22398 28
83856 10639 11
57237 67125 26
79081 84249 18
87561 59991 2
83205 40546 16
2768 20343 30
86502 85896 17
45960 82030 15
86398 86191 45
80021 81157 53
74284 27990 19
55369 68711 74
81404 60600 13
71828 81567 71
70564 92803 5
7508 15526 14
76544 17891 18
8674 62724 37
49272 98449 28
90668 8726 24
19234 101179 36
56274 35288 13
39430 71914 32
7783 71726 62
17822 22765 7
26759 51630 4
34509 46090 71
78401 82030 7
7651 51003 12
97039 71580 14
43059 18265 23
73741 8392 39
70092 71501 7
92513 48205 3
81871 47683 11
40745 106246 13
17362 87621 43
98761 23637 35
7452 69499 9
77309 63480 36
100364 72093 10
26321 81789 22
23580 37868 6
55482 35986 40
103386 21406 20
106721 106155 15
5949 104878 77
10444 106143 30
72964 63206 28
98448 64796 4
20005 26214 16
99860 6580 66
33451 55247 25
99117 3406 58
68058 105901 34
9206 2121 84
4371 68997 23
47080 54078 7
94766 87621 43
46999 43211 18
78605 18346 62
96712 56074 22
85409 93478 8
90465 46774 7
95893 69583 7
68164 17891 15
32393 66026 22
58893 25971 45
48984 94488 48
28369 51630 6
4086 79060 74
10383 86502 66
67288 28377 15
47118 57987 56
13708 48387 33
60466 64934 10
84725 91826 9
49659 74699 10
104757 79882 21
3354 52321 19
25765 86423 7
63706 93507 8
71722 52696 37
78033 86165 10
79184 38962 38
38632 16114 6
107012 92803 5
98798 72883 8
89650 51630 3
6167 28165 80
61125 9684 23
74674 81921 14
93201 4481 68
80275 107999 2
57643 107523 13
9763 89891 12
74945 85373 3
74214 82030 15
96226 59991 3
45675 85317 42
2878 63909 12
107996 37868 10
12894 28376 34
38691 47526 16
14912 65399 76
43173 36497 51
12704 107936 18
63764 51003 14
45470 61469 13
19687 81425 71
32964 38439 27
5131 95957 35
19601 22421 21
96305 27654 47
22691 106311 39
79507 70659 23
29458 42490 24
80361 1547 21
40793 101644 16
47026 4651 24
51896 86165 7
51557 43400 23
86798 41911 16
29652 100675 12
53861 68467 18
92767 27738 41
100163 57922 21
49607 27309 9
87588 62221 33
100034 106864 17
18228 3492 82
45103 72883 31
101143 4063 3
69113 37134 26
97459 66129 13
75058 67414 18
92022 71501 4
75453 49665 44
43214 92803 18
36691 41336 21
60437 86291 55
88787 20935 21
92804 77934 63
107390 6880 7
99160 53732 34
20936 93069 9
28600 17441 16
81806 23933 30
94774 38962 43
89039 671 7
29893 64882 32
60871 13138 7
5066 79324 21
14319 65842 10
65430 50377 13
69589 89936 39
93974 92803 7
70453 95510 31
9536 73527 23
36144 104908 44
99006 18167 30
25162 72924 33
80260 21422 14
99590 51003 21
91144 51630 6
67710 48912 25
71802 88732 4
65042 101822 66
83370 72093 1
9426 32770 24
100948 88477 16
54070 88125 16
66981 9590 10
72639 3814 36
20724 1251 45
42781 52060 10
33533 48570 8
80636 11773 13
31624 37868 6
103401 66129 6
22362 64796 5
16736 36350 27
73739 32017 7
95517 54306 3
73727 3232 34
11201 60942 78
92712 91408 72
5801 28311 21
59060 19891 72
1050 28570 21
61198 20028 36
20238 59991 7
31207 81921 12
1 77771 13
76901 52893 5
107665 46465 14
77454 106330 70
57017 72093 2
10487 29527 57
95084 90954 14
58412 97231 42
11452 41141 23
52121 64226 28
95604 27962 47
106270 11773 7
89485 106004 4
6318 12074 15
89345 24169 46
32427 46682 6
48504 104531 16
36004 38956 31
48390 29205 19
93633 54306 3
69240 11773 11
81981 87254 27
40481 84823 36
60850 103160 12
62651 72093 1
78158 106004 6
80253 65343 63
76654 25567 44
46258 70503 15
31331 2549 10
90596 96058 22
84921 9033 9
42201 18167 24
8999 91826 5
18019 32308 30
10080 88477 16
2696 39514 28
9462 71501 6
14034 51756 25
52927 51306 41
100002 42561 73
93374 28464 30
41104 54306 3
68338 91516 26
65066 68876 26
71442 100245 3
78080 106330 83
104013 103001 17
38634 26674 12
36005 20343 30
106651 90116 25
44803 71580 11
8412 17891 15
5545 1562 22
43808 89550 11
106232 87621 43
2223 75497 19
23057 3896 26
41291 69499 7
90328 36306 7
54555 78642 37
45775 71419 10
18261 51630 3
74168 97473 24
31591 78404 17
96220 71648 29
77401 38962 43
107839 37868 9
13554 86191 74
18693 39087 45
33232 18745 63
55304 55120 20
47411 37868 7
73783 107957 70
67861 73643 31
33413 29096 14
104884 40987 31
91922 70238 17
27424 44605 9
62553 80712 43
21527 16424 37
72908 22164 26
50946 13362 19
97857 65243 40
92875 35288 17
67703 18167 24
99299 32017 5
7564 59991 4
21339 101978 8
25787 66669 27
26987 37255 19
31957 54825 56
13785 34088 85
52861 65842 10
2116 100245 6
47805 27309 9
95947 43400 5
61255 106004 6
73743 8966 11
62065 78486 10
39907 50377 3
51977 95937 17
58594 33193 10
95213 12536 18
107851 9033 22
23628 57189 65
107980 90954 29
67263 94354 23
39520 34176 8
34547 67492 10
9103 86423 16
54284 77649 21
88162 59805 28
105058 74370 23
44731 41896 38
28538 68997 24
37207 15449 29
1531 93759 32
64819 63091 25
73821 55011 41
107085 105770 12
89846 36084 19
48002 54306 10
38480 27317 28
45342 51630 5
61846 81921 14
78505 87254 23
83230 86364 31
36948 32672 23
70071 19158 22
107957 45765 59
41191 81921 14
54833 82030 19
42106 25212 74
80875 6972 3
51306 27317 34
31388 23637 22
87111 17993 6
37911 70709 82
62351 18060 21
73843 15979 27
65234 36350 12
89799 88732 5
38439 36350 8
4873 7485 12
95485 88732 6
22177 64271 22
94375 11773 16
48905 90238 10
93199 21422 13
34981 51584 42
56950 16424 38
82930 73489 65
27687 72130 14
67272 76869 18
32683 58312 18
79920 92803 10
21267 23637 23
32678 18452 62
11795 20890 6
86472 26674 15
18141 59991 3
76336 87254 21
89747 61134 14
11951 78404 18
70343 102854 19
17689 46682 6
34577 71140 30
40158 39047 40
45482 51630 5
44393 71580 12
52118 4338 39
28937 78642 38
633 27990 25
75110 88574 3
86191 92918 41
24381 79636 24
53023 1562 22
105599 86423 15
36070 49665 52
83183 12022 9
97692 26214 23
97091 80945 26
92523 92803 2
34095 38204 19
95464 88071 47
77396 81789 8
12243 72212 72
674 62221 17
97197 13648 33
35804 39103 44
64900 106037 24
87862 69499 12
34767 20610 45
106939 76856 22
55929 64882 18
25023 94411 43
79724 23819 12
60563 71914 10
61069 104015 38
648 32672 14
95927 74543 42
48111 98758 25
96598 73408 28
106535 86884 19
96489 34823 41
72726 93767 6
45270 51802 35
70512 16324 12
28734 57789 22
19263 75636 21
57189 29490 61
92415 13254 23
73510 15440 3
35379 12399 38
83312 33456 21
26704 80767 11
70878 28276 27
69732 104484 65
20629 57189 86
78374 105979 14
53204 37438 29
88219 86423 15
19127 107523 20
86412 64882 17
85116 99881 121
39007 79007 23
24480 72093 1
65620 51593 9
101914 88913 8
81861 93615 10
23711 27221 8
96194 88913 12
32684 42453 15
91158 106004 6
17294 55718 13
85265 70659 10
32867 100245 7
4999 107999 1
104553 20237 15
103398 73797 10
44992 76856 14
19236 73527 21
40372 39676 34
19472 1479 4
5222 26674 20
14449 71830 64
29003 107428 47
80209 5918 30
21256 29205 11
38401 19158 9
9083 1479 5
100407 14417 30
76538 69499 6
13569 68805 62
81562 11194 36
95175 18167 21
73791 75636 21
38337 40022 39
14601 48163 33
105424 32308 10
28376 81789 17
65074 100921 24
100845 63070 20
62734 101278 16
73867 7485 10
2039 87012 30
107734 16114 8
97480 15794 95
60055 87254 22
85793 23998 81
58418 100245 4
37365 39695 23
59747 79007 27
87321 30863 24
15905 12022 35
39974 39006 10
4820 8386 12
84118 93899 19
92361 87781 21
97534 12333 26
45537 49032 69
44966 103001 13
44581 8941 52
70349 61469 20
39337 81789 22
29248 50217 26
16456 101122 60
84632 100477 8
97777 55437 13
80839 32930 9
80891 72683 31
87838 51847 21
75184 87216 29
96399 106004 4
73022 19613 14
27434 88274 10
63744 62597 43
2917 1948 4
22862 15440 10
63027 51003 7
23674 101319 14
47412 60883 6
95351 106880 20
88465 107085 30
72794 86423 19
20904 92918 38
20025 61022 19
92918 20935 25
17865 42453 15
12694 70885 3
64247 70735 57
33798 62221 34
63279 34997 80
227 42872 11
51064 64470 9
67590 62075 17
5673 86080 14
106734 67414 16
54272 20004 23
45695 28451 72
27886 28377 7
10854 81921 9
85411 46174 30
40523 91408 74
640 62010 19
81313 88357 36
3888 66778 6
53689 78407 7
91740 62646 31
2007 100367 39
65195 82830 26
8996 39899 8
60762 11905 43
38224 87012 39
2183 8966 9
12856 69919 71
100914 86091 31
45977 18167 20
46046 71914 22
35968 33744 28
71504 73335 22
78077 68467 15
97783 27528 42
7654 78642 35
95807 28549 10
102287 90238 20
20232 40260 15
62034 88594 22
104163 11868 22
86004 21489 19
6545 24843 73
62990 91416 26
44675 103735 11
93962 33456 18
68084 55247 16
78252 61469 15
30160 65343 64
91731 51003 13
41549 47683 8
83167 68997 41
42284 48686 11
52471 31674 11
69949 100245 3
5996 7106 32
10117 36066 60
46090 45675 46
86192 48128 17
63215 77649 20
61857 28464 29
80444 60402 20
44873 43434 18
57727 87227 44
100699 22765 21
70903 15674 22
15124 24096 18
9366 7485 8
93021 60600 21
11583 84885 13
73425 94865 27
33273 91826 4
83788 22363 33
74510 11773 11
38312 43392 43
106973 86423 16
48293 21422 16
92138 78404 21
18346 39676 52
57640 106651 36
76700 54306 6
48960 82030 8
6059 16240 24
34248 70735 71
35125 66564 19
80266 66778 5
69186 66877 46
35198 107999 8
23084 945 5
45921 76841 40
64713 54825 38
18488 59370 65
93578 87254 27
80837 2696 40
66697 53988 12
50754 103192 15
63044 27309 8
85526 80574 27
82099 18745 63
64111 18060 20
28975 61345 93
100766 67390 21
62448 86147 10
1795 81921 21
86032 4063 6
56091 63747 26
85055 27738 51
22559 100245 3
69672 4481 63
27654 64412 44
11493 24808 9
88097 18160 16
77838 88042 21
96649 49186 153
33744 27221 6
19179 107603 73
19955 101644 18
59061 48205 20
5161 55229 34
89523 32417 33
61544 42402 8
33230 41399 67
789 81157 60
80760 1825 11
61169 55287 26
8777 17419 17
54792 57849 20
18732 58120 64
27498 29938 13
81824 81921 16
25567 44379 41
49639 107384 92
23879 60883 9
58579 81517 16
66771 106354 23
77879 48912 21
43045 945 4
76153 23819 11
62817 103735 15
29927 16324 18
31923 74792 15
72921 71914 16
50757 51856 11
45912 15526 23
12000 66787 18
97741 78605 64
49822 92803 3
27414 17891 15
95999 18346 63
72498 26674 10
53867 55437 15
44085 10403 69
59298 50377 11
87168 38480 43
69261 72130 18
10401 87216 26
66171 674 33
74338 95343 7
76824 82988 29
101583 64226 27
20180 2481 16
41215 19283 30
64364 90238 12
62414 15216 20
16910 9864 15
45287 51593 11
73684 106386 64
26981 62298 62
30827 76601 24
53428 18167 25
102787 60245 18
16240 92803 3
35307 77771 8
55333 70885 3
6001 66778 7
21685 16834 27
30955 93899 25
56454 72937 18
13447 48686 6
58252 12536 15
81816 94413 66
56057 21489 36
28578 98221 37
34035 85887 66
80671 26156 86
33087 99978 10
53793 39362 23
49264 79043 64
69711 29118 53
94318 48119 25
22279 17993 7
45713 23637 23
104327 105901 35
60986 55287 26
65013 51630 6
80056 41754 23
43873 7485 9
7814 107999 4
8708 2229 23
8156 61345 105
80677 38861 27
60492 47197 13
22855 88675 22
32804 28549 8
60591 18488 66
24719 67414 11
82654 67000 21
9299 100245 3
26807 5533 45
41799 671 8
20916 22694 25
19836 48531 33
14372 44892 10
43967 63206 13
47177 106143 27
49335 41422 25
29043 8966 11
89726 27378 8
99794 4063 8
77445 36402 64
84414 88274 7
3652 84249 20
86835 16324 19
58607 101730 12
14382 52158 22
58967 31369 33
11590 96817 70
69777 49189 30
56449 12803 26
18884 84189 15
86019 48387 36
22528 1099 19
79917 46466 37
96682 39200 31
15320 6545 91
19154 77010 61
107384 81592 72
18223 73169 26
4481 58120 61
81266 101319 23
61604 54159 12
70939 66129 7
9758 50650 75
98386 87012 38
63357 1554 32
105318 28664 26
27634 72093 6
42179 85373 6
76818 93507 7
86155 86884 20
30829 84885 9
62787 81921 12
56224 39380 7
35422 79351 44
3452 64216 51
74249 90116 24
42096 79593 25
104217 3196 63
101179 41754 25
48743 30109 40
101277 82354 56
76636 60245 15
100596 16911 32
104030 17252 59
88452 72999 15
75375 107999 0
106396 40163 15
22411 18160 16
10865 14417 25
39574 27317 26
42264 54078 14
629 59370 50
45441 101644 17
68146 100245 2
12398 70885 6
83924 51003 17
44576 63044 27
60081 98761 42
21016 31739 17
13784 61469 16
9718 76272 62
11300 73615 20
60387 106143 26
91415 105639 28
23921 73615 7
37312 50343 11
99016 945 9
17130 56297 62
106821 81921 14
55902 1531 59
57327 48127 84
84922 92803 8
92388 18167 21
104158 56189 16
48476 88574 3
39442 21787 17
104490 6841 33
60278 20890 5
84184 88274 10
56801 41988 66
75274 80139 22
79977 59991 3
4219 18060 19
72191 39574 42
188 69081 44
55335 800 74
79154 86797 17
63015 5453 65
28152 33106 81
33107 86423 14
43655 43400 8
39944 58722 17
7155 77010 61
9833 103735 10
66716 59991 7
96072 42012 61
22054 39574 43
85360 38467 63
12844 34458 15
101447 82030 20
98607 107999 26
5553 92949 22
43127 107999 14
33532 11537 7
66652 38417 17
56887 80957 61
12246 100245 4
78974 9647 17
14284 13138 7
43706 22765 8
89267 75892 44
25801 92484 18
94687 55437 20
35723 86191 45
46618 66778 4
91244 88133 23
54969 91232 24
90618 4063 7
7234 21683 11
45850 100245 5
70446 69648 26
86955 18060 16
5918 48912 8
45948 70007 26
74081 104418 36
14778 83998 47
69071 48686 8
103295 51879 11
45843 88125 11
14323 43400 12
72290 94865 30
106252 30677 62
52454 21489 18
68440 47843 69
16032 15674 12
49120 85055 66
102605 82344 103
19479 48205 11
81351 107999 0
77172 92803 9
103921 93477 89
78104 63091 23
100896 81517 11
20850 62691 25
80899 71419 22
64216 26721 41
57291 86423 7
56385 4801 38
67764 37811 19
107238 6880 5
81175 79560 12
66532 257 55
29527 34981 54
73882 86423 10
30932 101936 8
71215 107999 0
107752 39006 11
17466 93069 10
25681 2378 14
56420 71501 6
29902 100675 11
72159 81567 67
58417 41754 22
68264 4063 7
20088 6880 7
28332 81921 7
71038 59991 3
73490 19891 64
26833 51306 41
37571 7106 34
14179 41529 35
39994 1479 8
68903 66778 7
80448 9033 6
83459 56074 9
58263 104673 17
58263 39985 18
23546 86423 9
98920 24496 13
65824 5056 45
60095 5780 17
86353 73615 8
54011 48912 14
67506 78407 6
41294 82820 4
69429 79882 15
70431 81921 7
65033 56759 8
97907 87254 28
83241 86091 29
23906 2481 13
36608 31624 24
70476 79739 34
64076 18336 25
17674 9864 19
73102 64586 3
70709 65343 77
61841 84603 39
34997 70709 78
79134 57799 14
37094 50154 36
81012 51909 26
72924 104942 17
1363 39380 2
86861 24311 25
45986 20004 24
15358 32017 4
102470 52374 12
4954 38962 29
56429 15526 13
16934 84130 14
18904 77934 61
62147 64882 19
30124 52295 27
53763 76654 47
55337 59991 4
47861 37127 11
74202 64976 11
83454 87254 28
19855 30692 10
27496 7485 10
4940 105016 19
10305 22350 14
40845 4912 65
58973 36084 19
4741 40801 20
29334 8571 9
106388 84189 24
5469 13362 33
83850 15440 4
103164 34248 73
59784 58312 13
18022 75121 15
53059 21422 15
67430 8966 21
37613 81921 16
4035 85317 42
47843 59370 64
21044 32287 61
38808 106864 13
12193 26674 10
8314 12022 18
58162 86861 37
2271 74015 71
46313 106396 36
23422 81921 5
23942 20472 8
35920 58722 10
933 77771 10
63264 91781 37
103094 99744 43
6700 57922 15
79989 84885 6
99780 47782 45
20610 85317 42
38003 67414 12
20910 88133 10
82061 7155 64
91947 65842 4
96026 27309 9
56417 14778 55
98655 84895 15
87012 12022 9
43392 51306 40
104364 64412 43
89778 18167 23
73024 60245 26
80011 27309 14
24826 32017 6
38978 53115 60
15675 68876 22
20396 59860 9
85663 14417 28
71360 93899 20
52691 62973 23
50176 1479 11
10663 9033 6
99725 101644 19
62878 1825 8
82701 17731 34
70589 79043 66
76418 76032 76
74343 79042 79
46984 26674 13
47846 47978 47
98085 86423 10
88708 105792 69
33917 70048 15
54712 15053 26
56561 62724 32
61167 55437 13
93596 32017 7
57866 106311 41
74594 6880 5
4534 15674 20
82284 105901 30
15077 46524 13
31961 74658 36
6244 31974 29
21599 62215 25
84946 72549 13
12901 88659 42
54765 58316 20
46895 21422 11
70081 81157 42
52194 62553 44
84664 72093 1
91898 57080 70
81462 86798 30
80064 99978 7
86974 100245 6
104964 48686 9
20490 84852 64
35700 37868 26
31254 70659 8
63704 66778 6
38533 81921 8
11000 36350 31
106621 86423 7
6565 35735 46
73175 88274 8
67717 79060 72
83239 59991 4
60300 106396 33
99881 36144 63
54823 101936 11
67408 43400 15
16806 21399 20
10063 62605 9
95202 72999 8
19685 68775 10
63307 74929 45
88492 101644 27
72621 8966 17
53732 64882 15
4199 100245 5
86467 78404 15
42953 96662 15
31941 73314 30
86911 57987 56
42948 945 5
57821 106811 38
70454 70238 17
24564 51235 72
58649 81921 16
106386 30914 60
102997 38962 39
69984 41529 13
800 107957 62
106296 47192 63
69519 64796 8
27738 103427 34
100554 79324 20
58577 40925 18
51279 74520 36
82554 17993 5
70460 28377 15
83316 67434 15
94515 9249 26
9744 71935 30
9407 38962 33
49992 71914 9
59370 87257 31
54054 5453 66
44588 18167 23
11907 8966 10
65154 81921 12
745 72880 7
95657 66129 4
4071 64449 18
8027 90278 39
92155 81789 12
64710 84885 12
44607 68467 13
104484 3196 63
105379 88274 11
92186 61134 20
3184 44896 49
99554 61469 11
83350 106880 20
91020 93615 9
79413 75197 11
24303 62724 30
91086 18167 22
42941 81517 11
94053 97961 40
15329 86147 11
74229 12022 15
24986 50377 6
45991 22350 13
46902 93874 20
62440 64882 15
62350 1099 12
107226 101978 8
64399 107028 15
103654 88274 10
79289 88125 13
107831 80889 18
42638 72130 25
12884 63345 14
82344 49639 97
92591 36350 12
10546 32017 9
106459 19455 11
71236 16324 21
74929 70659 14
54768 98017 23
43273 79560 11
29024 97110 35
99239 72999 11
27849 97741 71
81424 72093 2
21946 76313 26
58126 39380 4
85899 39380 13
62297 82030 22
82719 13362 19
75932 106143 20
75475 11281 14
58069 65399 73
63070 72093 1
10673 62221 32
41116 16324 16
8533 55120 31
56993 12022 14
27224 15149 26
107244 86423 6
71343 21178 30
78312 41911 18
45765 50650 57
70986 44616 43
67636 24303 40
48020 61220 74
10104 44634 22
83343 81789 13
4161 79746 45
10828 64882 15
87251 9781 16
60744 89024 31
7275 54306 6
7757 7247 47
104883 70733 9
5956 47782 52
82983 4063 2
64578 27221 7
96719 34194 67
9947 27184 18
29597 41747 24
5291 2493 31
66589 85317 43
64262 57922 24
37495 11798 63
50263 62605 8
21766 88274 8
17567 64586 14
4730 101936 9
107704 9864 13
32752 13155 20
66953 18060 19
41988 54048 62
4808 22842 31
64264 83183 31
84919 73797 14
70135 20935 26
18755 41529 21
29908 2391 17
11659 945 8
100406 32017 7
28592 62855 13
71124 51003 12
54048 3406 60
91820 27666 18
70265 86423 6
74736 20890 5
38231 15674 16
34398 66778 7
10425 78407 6
93214 107523 17
6373 11985 13
85540 84780 72
62373 40546 14
64363 54306 3
27770 107936 22
95323 42872 9
50154 64882 23
36783 106004 10
10470 65343 71
18687 63091 22
95148 72999 28
83427 65019 7
56997 64449 29
68071 56074 16
71257 46667 22
8590 11868 11
64569 71079 78
4809 106246 8
56261 31133 12
95229 86797 14
48281 48912 10
98790 67414 11
100605 93759 33
31626 28664 24
22751 17891 19
82098 82030 19
41054 48205 6
60654 40163 14
36798 17891 14
66858 63345 7
92655 64882 16
86344 15979 33
4316 78404 18
47508 23637 22
103147 43400 12
61421 54712 42
84305 70536 17
6518 671 6
10269 62221 16
51967 86423 7
64190 671 5
68180 84852 74
53435 6972 10
46236 72093 13
51368 39380 13
3479 70659 20
85351 37695 20
11969 169 69
70621 106004 4
103486 62553 65
93425 51885 19
13589 26156 63
95149 46257 52
40880 42402 6
63517 64586 5
69768 106459 36
4215 41529 23
104263 84852 62
96405 82820 8
67369 62724 30
100870 22684 73
35507 21422 11
88659 70135 38
22238 33456 17
68207 72130 13
27962 53975 44
19706 59805 22
69959 51478 10
79725 51478 15
31349 64882 19
36488 69499 12
49275 73797 12
13348 64934 11
54654 33744 26
78654 58722 14
5230 51306 42
56391 31624 23
56022 104607 70
65004 59805 21
61887 29993 23
104135 36066 60
34964 86147 13
97108 1099 14
106807 7485 20
13025 6972 5
71063 51003 17
62138 62724 33
43074 95106 70
97748 19891 64
78241 70048 9
34045 70659 18
65936 39985 23
103081 18167 30
3081 98449 28
106951 65332 14
58276 46774 5
74268 16372 88
61188 41754 21
98800 84895 10
23556 66778 6
25389 38775 66
8033 16324 18
47890 50377 24
46257 43392 44
19478 40483 26
74874 72999 10
45155 84189 16
104418 41754 24
19428 76051 15
32920 41754 22
31981 29904 47
69466 59860 10
89580 41422 18
5863 17993 5
63987 87012 37
16406 94561 19
96808 27309 9
48240 17891 14
24404 67492 10
63974 105979 16
21329 8597 28
51235 101122 58
90923 3598 12
5756 81517 14
68493 18167 23
55628 11868 6
104479 31631 37
103669 86423 19
59555 21406 8
38435 9864 10
33606 30736 10
38386 70503 13
1037 93431 20
74588 53584 30
48622 103844 19
87311 71648 10
52694 61022 13
52694 31133 11
5251 82820 9
98214 8386 14
53639 26981 77
46613 45266 12
58405 43400 9
52933 26674 14
76263 100245 4
97179 71196 62
17579 71258 13
37836 63206 20
97064 105639 15
6684 2524 31
21394 61469 14
26681 73097 48
90542 86165 6
65156 57922 18
65156 1850 15
6648 51630 4
86898 84603 27
107763 71961 23
45737 85996 27
79042 59370 62
80886 107523 12
106574 63091 24
102631 59805 19
27955 38962 31
37618 411 32
31300 39047 38
1046 100245 2
40903 18904 71
76650 76647 44
102357 52589 33
62497 18226 27
96988 43400 13
12063 6845 64
30143 58074 31
91792 79882 13
40373 60245 18
31772 48686 6
15215 63206 12
101923 26481 14
100908 66835 81
68571 107028 11
81581 86423 7
76091 82820 9
55156 65019 7
103761 43400 14
30104 90116 25
64573 100245 5
19414 24607 40
55544 61469 16
6125 79882 13
49689 91826 4
60635 26981 65
16826 57727 69
26311 71914 8
59867 59991 4
14341 41336 11
69904 51630 5
12466 57789 17
12466 12333 18
57107 38962 30
67246 41529 13
78591 81789 20
21884 945 4
73222 56074 21
13461 77984 67
58543 66778 6
15587 51003 7
47971 52374 19
49397 64569 82
8697 42408 46
25527 25817 33
31896 5780 18
79361 17027 27
66999 37778 69
57367 81789 10
81580 87216 29
46385 51003 9
28185 66151 61
76272 28243 61
35001 1547 24
56348 86412 31
101052 76051 17
37809 79043 63
22684 79060 71
81482 81921 18
17331 11985 14
45816 18167 19
13527 94058 17
36127 14778 51
63655 81921 8
62312 49215 19
28242 62724 28
22180 24096 19
47773 90238 4
84814 38962 45
107974 64882 16
97306 3467 17
18321 70048 10
75818 21787 11
6494 19969 36
40780 88076 23
66062 79560 10
76790 86423 10
18627 82087 45
9098 17441 18
48141 36084 14
94869 20935 63
104151 88125 12
84366 80945 24
63331 86423 8
46438 90116 24
77111 61469 16
77111 88274 18
25971 20343 44
62367 18160 13
18819 84895 28
105442 20004 31
70612 11281 21
63032 106246 20
4141 19455 11
103587 107999 4
11014 104942 14
81379 42178 12
105352 63044 45
43917 9864 14
77071 47526 5
1140 51003 18
83016 56391 41
9948 26532 30
62166 74343 84
106837 79882 14
20787 59080 24
84852 629 61
11440 11868 11
67157 69715 39
22711 12022 11
104873 24508 8
91577 24300 47
107282 62215 27
21017 69735 17
29466 45222 41
9754 73615 10
60198 37255 22
7247 90278 36
106697 82030 8
80285 29033 26
51034 95169 28
92947 43400 14
76853 80945 26
104492 28570 20
29783 68467 14
2903 37936 10
40969 4063 8
81965 93767 13
8613 51235 62
71337 61421 53
26722 100477 14
99716 9864 10
104994 40163 17
58809 18158 26
75666 29205 13
63007 63480 37
91473 4481 62
102486 24524 14
101728 82030 13
31504 69499 11
6420 4063 2
7405 28464 33
50374 86758 43
80712 34823 40
98750 18745 67
18891 105639 29
17947 67000 30
71777 88274 8
80203 43528 35
29355 39006 14
29967 63091 22
27546 8966 13
65615 6880 8
95880 54907 62
99434 75919 38
74563 91826 13
84167 72093 1
17329 2378 14
50753 24096 7
73567 31254 33
49981 38962 29
64001 75121 7
66002 69499 7
76647 86364 35
84098 18160 18
2465 6880 8
55174 46105 19
72103 78550 42
38841 86364 24
79874 65399 75
82846 51003 7
46733 57080 75
28243 38755 58
53975 81789 6
24289 91416 24
78353 2188 17
78389 34292 14
1251 39676 40
73963 107999 4
97143 15105 32
41117 43400 12
61892 823 80
64412 34823 40
70531 48912 13
10218 83879 44
80176 66915 64
92925 70503 9
20647 6880 14
891 62691 18
26830 47683 10
71430 1662 21
84513 9283 9
93209 70659 17
83289 72366 14
74543 87257 32
86510 12536 11
68272 97617 21
80695 107523 9
26328 4999 15
58993 10403 70
66584 23819 9
53210 75497 8
45662 59991 2
39099 15440 10
19015 65332 13
93632 35649 21
18421 69932 60
29673 104484 67
98760 99722 21
61659 96991 97
49636 37723 38
41635 84885 10
79060 61236 68
25159 27860 10
63321 52893 20
43079 22765 7
9836 77984 62
80210 51478 19
89565 87254 19
94233 5736 86
28992 30736 22
1839 38239 28
10818 95927 58
91580 24508 10
3406 31961 45
45774 78486 9
103213 68805 62
64552 89550 17
5830 19158 8
37540 82030 10
45724 40413 20
70698 68997 30
3904 51003 19
3904 78404 16
75412 29033 7
76480 76302 45
20648 101934 23
47450 83183 37
68713 97741 75
24427 100245 3
62 69499 6
84813 100245 6
81090 71961 18
91331 81789 6
2440 49992 32
32932 19613 9
44818 3467 16
63809 74792 8
73074 9647 19
56371 95169 30
17252 4161 57
97350 78486 7
51150 21406 16
97477 12536 7
36361 81789 21
42909 68997 20
23132 62724 33
55011 16324 12
6601 106232 54
26292 12074 15
65314 55247 16
21769 91207 24
66179 40925 17
82955 93478 8
24838 88274 10
98292 56759 19
98292 105546 16
44577 87254 18
81951 74081 46
57263 44425 24
63394 72093 2
90118 26674 13
82530 52374 10
72722 7485 10
4993 30914 60
16522 798 38
60455 9864 12
3349 81921 9
24383 3614 18
28068 96254 52
6916 69499 9
70735 50374 53
78884 51630 5
38134 60600 19
28902 42402 18
18471 1479 4
9890 88274 7
8305 3614 13
89734 107936 17
38335 34176 9
19326 12022 25
52149 7391 10
42562 73615 10
17116 24096 13
24300 81789 23
69713 7730 69
6712 99190 20
31286 83183 35
6932 90238 4
99050 69583 9
43814 104263 63
100367 80945 16
15846 11868 7
22166 19236 32
96034 65655 16
67943 13138 7
5509 93478 14
100955 50601 61
102566 30335 28
98947 2481 13
72831 32189 71
82354 18693 51
15167 90278 37
69356 15674 14
63204 62724 30
62169 13362 20
86208 81059 72
84499 35355 17
51078 107523 9
98631 90861 29
58447 95343 21
70684 72093 5
25531 21422 9
104771 93767 7
83276 53113 72
90998 62914 8
55868 54054 76
257 22054 50
13511 11822 40
19619 102206 12
46219 66669 26
63790 66129 14
27727 37127 7
10511 27317 36
12552 32017 6
62970 87012 37
95556 77445 65
100801 28833 26
99035 84674 35
60192 68838 26
10105 1099 15
70642 86423 11
88705 51885 24
46620 16028 65
40427 9636 55
40279 61022 14
52526 58312 9
12846 2378 92
106150 28156 29
3451 6880 8
96288 9636 52
106194 48686 4
654 15674 17
98733 71140 31
18347 72093 3
102109 46465 15
6902 77376 18
52831 45713 35
65586 46774 7
51603 7485 14
23467 51593 10
7615 75480 12
1574 84255 34
92980 32308 26
79377 84852 63
85976 43400 8
86453 106155 14
14458 8386 12
16242 25841 106
63190 48205 6
40111 101122 62
4451 4161 49
34006 48104 10
52275 72880 7
83562 26941 69
78877 29205 15
15572 63989 41
3715 61216 14
45842 43400 8
76032 69493 72
55870 73335 14
16922 43400 8
33967 69466 33
45577 8386 12
59552 71914 25
21813 81921 3
28682 41754 21
18651 4035 43
8108 82224 14
54651 64586 11
92491 69499 18
59405 18265 24
62091 89024 24
98160 58074 27
74686 45695 73
80149 88274 11
51929 7106 34
104349 17993 5
32887 92906 22
9663 36988 23
58280 37127 7
84521 88245 35
6114 81517 18
45973 58722 14
40232 55850 24
70560 47526 8
53113 30914 60
106402 6972 9
99055 73615 7
3269 88913 16
11789 12022 10
49665 93759 34
83403 89891 14
24224 73441 33
51479 45921 45
88177 75497 7
28165 79060 79
43124 15678 44
26806 63435 61
55291 574 14
211 26481 17
18832 47411 33
88016 91826 5
67599 39103 45
88071 62724 35
36672 73797 20
85894 88675 29
76323 42576 10
76823 2549 13
101177 84249 36
30356 79882 13
47716 37326 64
2887 47110 27
102805 95169 38
82804 41529 30
33874 24311 15
107428 65694 42
87951 12074 20
20015 66733 14
11898 29927 37
54632 91145 14
35834 72999 8
6888 52893 10
54919 17891 17
28226 15440 4
102865 27860 16
92181 46524 11
48050 19154 63
96262 8941 70
106241 88450 42
64985 87254 27
42144 107999 5
4638 107376 64
51400 18217 31
73973 107376 66
69015 30736 27
31502 93767 10
92541 87257 31
103235 19542 40
31785 63480 31
57275 78404 16
65050 16114 8
92610 32672 33
83853 22694 26
26402 101644 20
12633 103906 66
34934 105901 34
84422 63782 43
82403 27317 35
106366 68997 24
84011 29033 13
42809 36228 9
49503 107376 65
8391 90278 40
1171 100921 33
35374 51630 3
77864 31624 24
21163 28152 90
35467 15678 44
40248 8306 24
24802 671 8
57882 43400 9
107772 59991 5
12985 17891 18
27147 57010 24
61883 22765 5
44359 16324 16
101686 64586 6
8321 34458 18
49539 31999 13
28106 88076 14
101374 27860 10
72589 64586 5
4787 70733 18
4787 71352 17
33468 38120 17
45612 91826 4
45638 74455 18
45638 70048 16
52431 66669 26
69756 2188 13
105462 106143 22
44664 831 17
23062 43766 71
61297 71501 9
45880 25796 10
78944 62605 7
837 29884 18
50117 76710 17
26918 55243 17
39849 71352 11
87300 15440 5
52468 107881 38
85569 64586 7
35007 35617 27
86944 72093 3
44303 86364 36
16643 87254 18
95099 71501 4
18088 107200 12
16028 28243 59
27092 71914 67
74387 70048 14
89769 101644 26
66932 10300 15
12399 18167 20
87452 100888 14
69983 24311 16
12688 671 7
823 92804 78
43766 27097 69
1400 103001 12
14306 51791 21
66866 21322 41
27540 48912 17
80578 41379 31
50534 574 15
69295 65060 29
94992 49981 41
52379 22857 14
58133 87216 28
33734 15440 5
44776 75497 29
24934 76051 17
28190 47526 6
36373 32017 4
67150 2188 13
19815 9647 27
66695 34280 40
10171 82820 11
61801 102206 9
10629 60356 20
10129 64586 3
30674 54011 33
44896 71914 12
12597 56288 57
21404 21489 17
97827 72937 16
82624 48690 19
46035 81921 7
50564 105639 25
82516 4063 2
54234 87254 21
104310 102311 26
53829 70709 84
50791 85317 43
2578 79560 13
57099 48570 16
44578 17510 65
15310 51003 21
70721 19246 33
49344 48912 10
12589 2188 16
41126 70503 10
69750 82820 5
50244 73707 33
4455 75497 9
64594 64586 8
40167 54306 5
100597 48912 10
9755 60942 70
56223 65842 5
68311 40705 67
97231 29821 30
98364 26981 67
11430 18167 25
107191 23819 10
53633 7485 8
101776 104135 84
13240 106241 57
22055 37868 8
72094 68876 23
35457 53235 12
19834 2481 19
87208 101978 14
24924 43400 7
86636 79560 12
15185 36350 8
83664 44379 36
42487 35809 17
42487 34292 18
86691 88913 11
12424 39990 10
17812 38775 51
591 76841 56
15218 105901 34
56072 96662 15
64554 52893 10
97834 82820 7
25157 1547 17
40082 79081 29
7861 32417 32
58547 62553 44
88464 64934 22
89790 43312 27
89355 11773 12
38501 1547 12
70255 15526 16
31892 52877 35
94378 21489 30
42322 16903 17
42322 61216 16
84853 41123 18
38750 100888 12
75574 48912 18
93203 34899 111
3627 106143 19
77384 64115 18
88264 66026 17
88264 88814 18
104959 58312 13
69932 53115 59
49310 93431 15
82977 65842 18
98596 39676 47
34286 20237 13
96199 48686 8
35745 22765 5
5151 89891 12
475 11868 10
66788 1948 24
24250 11255 14
55328 22421 31
80112 24064 26
29118 38991 45
46775 81921 9
42057 58319 62
81791 48912 14
39429 81921 9
80939 30879 52
96380 88274 7
9052 33101 31
7093 23637 29
104533 15440 4
32984 60402 21
33074 34176 10
85957 14932 24
44843 3193 11
77030 34292 16
77062 105639 20
77877 104263 63
82768 26214 12
26721 84249 14
29817 73527 21
101620 20001 41
58141 32417 31
63921 62221 21
101411 59370 65
104344 51003 8
8106 43400 6
96900 41529 14
12609 15506 65
15741 100245 8
89803 26214 12
91060 47765 77
8097 100245 4
27528 20935 20
98855 7649 17
51381 37868 25
96791 40705 65
4043 44892 10
74000 60942 72
58426 105064 47
92920 64416 18
71297 107999 6
21322 21489 18
380 58547 66
40886 62724 30
7526 671 7
93012 70503 10
44592 84255 41
45634 69499 3
43511 64882 14
19419 85887 71
58261 27738 51
41833 18167 20
102447 65842 6
