42956 31330 9
26043 1507 48
15771 16932 33
53197 39111 25
10692 57478 54
57769 7600 30
3156 22830 61
31701 54591 32
38525 38328 8
31878 28046 19
41801 49970 4
6670 43146 20
25043 23448 5
22227 28717 29
54557 38492 3
20031 22830 55
21383 32703 26
43931 38215 45
45974 38628 23
32968 9435 5
36962 33108 18
33836 1919 13
1304 53751 19
45963 22197 33
32961 18597 23
154 46544 25
3718 834 17
35532 49566 45
2151 9227 30
11914 31330 11
32599 35951 34
49508 33526 4
29305 43946 35
7698 12009 25
26501 46664 21
834 45656 9
28333 4676 31
43015 38575 17
28046 3718 18
54195 40954 39
10541 54729 16
6522 59972 23
55266 51600 17
9435 40690 3
42149 32734 12
15983 28207 20
8124 23448 3
10532 42020 30
40943 45656 21
30922 21556 22
26301 31961 21
53729 9031 28
54961 9030 14
27690 33526 17
11939 41395 21
5419 45533 45
54893 38492 4
36229 18782 22
48851 25087 4
14468 5786 20
18661 42231 9
9517 49970 26
26730 45656 11
27943 21976 25
9358 10561 22
40849 48851 45
40954 4580 28
3329 48097 21
25750 9401 52
24394 56398 18
34 38628 25
33108 18288 14
21053 45656 17
51446 834 13
41922 25821 10
38492 50436 2
46652 22709 49
12022 42901 57
20677 18288 24
38610 17576 13
14673 46673 46
9500 59972 23
25342 57021 18
54526 39993 17
12824 43019 18
4676 32835 30
1985 45656 14
52484 22709 30
59999 59999 -1
54591 59239 26
57628 59999 5
24307 43876 43
14116 31330 12
44996 22586 23
9425 47790 18
15112 13791 44
39993 46881 13
42316 28046 20
31340 44645 26
50736 17576 10
42901 40100 40
20794 7527 48
27337 22576 46
29162 59066 40
26961 36229 35
34397 23998 29
21976 19690 20
26686 51446 15
50561 23448 3
53537 57483 30
17514 54423 45
41320 17056 55
53373 2507 31
31939 53258 51
19613 24472 26
31330 41203 3
7148 20031 68
28299 50181 64
7323 45257 68
58777 54023 6
32089 37603 26
58466 43146 16
54020 16274 9
51622 39993 19
30073 35900 21
28717 57640 20
16706 16667 46
13454 44864 28
44864 58991 15
21592 10479 26
34780 10794 6
9841 44846 18
47952 57628 9
49745 6522 32
59437 25011 28
42274 22402 28
54656 33890 23
55363 15690 18
7936 31383 14
15690 834 15
40520 38187 102
23660 58466 20
12329 33108 16
6517 7600 39
13438 31329 22
42162 29473 20
48684 22725 29
6295 44390 48
14274 44421 15
24869 16914 41
52074 21556 20
54403 20031 56
20481 44846 18
7534 21217 41
38573 49970 7
38839 56765 22
22981 9806 42
57478 54023 2
21217 11914 14
56988 59729 49
24341 31961 58
36638 43019 15
30837 7698 29
57825 27337 93
34057 9841 21
19997 10541 22
54704 31330 8
22448 21383 28
57169 2686 19
43072 54423 58
26962 34320 29
32667 54023 7
2088 49566 45
46689 20625 27
25860 58991 26
10794 50436 3
42236 46567 9
29473 39020 18
50873 51446 14
16274 49508 6
13791 46673 41
37411 31330 4
31383 18288 13
50436 59999 1
9875 57478 3
40076 32216 17
3088 55363 19
32073 6295 51
57021 44421 15
10034 40690 8
424 32829 18
44084 15112 63
16160 59729 49
13312 9031 35
922 21611 112
27688 41203 1
34019 57680 47
25087 28649 3
19667 9500 26
44527 39306 5
48868 28790 23
18008 19856 56
2737 53461 15
29593 22709 37
36031 32485 36
39648 22709 31
1594 41203 2
49957 58777 9
40690 27688 2
45257 38663 28
26397 53537 56
21764 38663 26
57998 20625 32
45656 41203 2
2686 834 18
2649 15104 34
26611 15333 35
10479 51446 14
43301 26928 10
20625 36644 18
12671 53504 14
26461 8124 7
33715 9875 4
1275 16572 57
43918 9401 46
49986 59999 31
15093 38575 14
39020 2737 17
26542 2013 21
51277 41203 5
50332 38328 27
46318 922 122
45391 38492 11
847 33526 17
18597 54557 20
31329 2686 20
53258 42901 44
10727 2088 154
33890 22586 20
24197 21966 53
11701 18817 53
56108 14673 51
22197 6522 32
2949 34 40
16635 834 19
23628 39111 24
14949 17514 55
26254 48263 46
32415 15093 29
788 37994 37
53179 35951 52
17752 24643 47
51600 59999 9
56886 54893 5
44013 8637 49
16644 2737 18
28303 17378 68
4580 46544 23
19255 54403 62
16402 41203 4
48367 48851 24
18889 57169 31
35951 42020 28
48507 48218 33
4639 45963 35
1287 38525 10
43143 930 5
37738 41682 41
7631 33269 56
57461 32468 6
40100 53434 23
42020 59972 22
5206 44421 22
5526 17752 67
22831 9517 47
49224 55266 19
20181 1985 27
51570 2686 20
2246 54666 19
24450 59972 28
50181 18288 27
17576 38525 9
48313 9391 23
58570 15983 21
38628 24394 22
32733 59999 1
47307 6522 25
16779 20625 28
43843 31329 21
33526 57478 3
44846 40690 3
39111 36644 21
6006 26542 25
32216 7251 12
17113 6862 33
31160 7936 31
46544 24394 20
35752 20911 22
52591 47382 7
24447 39022 10
29135 14673 48
17646 31330 8
52827 43019 8
17526 9391 23
18302 16779 31
19884 38492 3
9227 33836 22
32382 15389 7
13842 9938 21
57640 44846 18
3322 10690 22
43166 54704 27
51246 12329 25
22254 24088 8
47382 59999 5
44757 45656 15
38469 50873 19
53751 46881 11
9105 7527 47
18782 38328 8
23448 41203 1
1507 15112 45
38187 40100 31
18288 26730 12
59061 43015 18
22402 53461 18
40198 27517 8
38403 45656 10
7600 47621 10
41788 9917 24
50198 27690 19
25011 8241 26
25780 22725 15
16914 51600 14
5527 31939 52
8241 9841 20
14507 42403 18
22385 3718 20
7527 9806 42
57147 38403 16
5233 55363 21
17056 42901 52
8643 9517 34
32176 31701 33
57152 15389 8
43161 19690 15
36128 47790 18
5664 27726 48
10879 59239 29
17781 40095 38
41203 59999 0
37828 38215 49
36644 9875 5
45533 28847 44
6862 3718 20
49970 41203 1
12370 15983 26
5776 14673 47
5037 49970 3
59239 36644 25
21350 40100 50
5423 56765 24
46881 17646 9
5786 28207 18
22037 27726 48
10690 27741 19
46673 48263 28
32835 4580 24
16667 49566 44
27387 25099 44
16453 14507 19
59066 38663 24
56764 44846 15
29093 19690 16
43946 41801 6
17088 43931 58
9833 42956 16
28790 47621 15
57689 15067 29
43876 36644 23
18955 19884 4
57804 59066 25
235 34819 21
1014 57689 35
38328 33526 5
4622 32605 20
22586 15690 18
33269 17514 53
42231 930 5
31257 44421 18
21611 53258 98
57074 44846 21
45011 8124 4
1980 50436 2
26959 14307 43
22830 53258 50
8415 24394 20
40127 57536 27
24643 53537 36
51847 43876 34
14210 27517 8
46946 59972 23
35893 39960 50
22725 38403 12
51471 52075 28
58272 26686 16
40898 39705 5
22879 7251 12
1761 21764 56
47735 50736 16
52465 54023 18
13005 41320 64
15067 47307 27
21012 13791 44
38663 59972 23
25399 58777 20
46923 10794 5
51312 53258 48
47480 28207 20
56417 27387 46
53630 57483 30
54377 50561 5
19688 28207 21
2944 59729 61
38905 33526 19
45402 35900 19
13260 57359 7
27858 13485 38
404 16635 22
36287 48507 40
31961 48851 11
35658 1495 50
11787 31961 24
1047 43019 5
57536 1047 23
43740 5306 21
37044 5664 55
32485 38187 33
57654 38628 27
21324 34 43
53504 54377 7
15613 21611 112
54666 23448 6
1572 26501 22
47621 31330 8
2733 1980 8
52033 22586 26
1785 7936 17
8679 9358 23
13093 18817 57
57522 29473 25
22576 40954 38
17378 12723 47
366 46673 39
51826 22830 64
42826 38676 100
15389 23448 2
9391 44864 21
22234 54656 27
5760 21629 36
30611 51600 14
36281 26301 22
54423 40100 41
11168 22709 25
9917 48097 18
32468 40690 4
52716 24016 6
15333 46689 29
36480 12329 18
56062 57152 10
44421 7600 13
1164 24016 7
42993 47480 35
994 9435 4
24016 1980 4
50938 36644 24
5306 1956 16
2507 36281 24
47700 19856 48
47380 44013 70
29585 31330 8
10333 57536 25
53434 994 9
51559 8124 6
28624 11787 30
15104 38628 28
27962 25399 23
34297 48263 30
58199 13791 48
35632 22586 25
34459 18661 11
30462 54423 58
29069 49508 6
8637 22709 25
43019 40690 3
21087 8643 39
20807 48684 30
23900 4580 30
48263 4391 22
21966 52075 46
44172 15093 15
58991 54557 7
4391 57483 18
9806 46673 41
41825 46652 58
59507 56765 20
19161 24447 33
59972 46544 21
27726 13791 45
37904 18782 12
42761 52075 60
57359 50436 2
9938 47790 20
31374 7148 92
7610 17056 59
34054 15980 10
20125 8643 36
28649 59999 0
2905 33836 29
28231 59507 24
20736 22576 42
51776 9194 29
15247 18782 22
16759 2737 17
930 50436 3
30021 46544 30
10939 37071 8
9194 57478 18
48218 35951 30
41420 25087 6
57680 21012 46
38676 44864 21
46671 50736 12
45490 25043 7
54714 58777 18
39419 41320 64
35930 45777 17
59074 49566 58
59756 20625 22
9031 32382 8
38067 8643 46
16572 25860 44
16292 24472 55
49566 13791 43
57181 49970 33
39306 41203 3
50167 38525 10
54304 36934 26
17303 27387 70
12380 54023 3
10319 22725 30
41395 7936 19
24088 9875 5
3957 4639 47
30244 54714 19
13496 2019 50
25230 2737 19
16932 46544 24
43544 31257 56
24181 2013 22
41682 1985 19
19690 834 14
10417 25087 4
9401 46673 45
10286 36160 20
28207 42403 17
47140 20794 52
37603 41203 3
28471 8643 47
44645 33890 24
59729 17378 48
17367 9391 33
3548 15690 17
48097 52591 13
37524 51277 6
25821 34780 7
32605 38575 16
1919 38328 7
59097 13791 44
59912 54704 21
56398 23448 2
40095 56398 23
22848 10333 27
56765 44846 19
26437 1594 3
987 34459 15
34819 57203 20
13739 14274 44
8974 6436 95
32342 50561 8
20271 1980 5
57782 54423 47
54356 55363 29
15061 24472 48
34320 12692 23
42562 16402 5
12009 59756 23
7251 15109 11
36934 42020 23
10561 32734 12
27517 33526 5
48699 8124 11
54760 14210 11
6078 21556 20
32941 9875 14
45777 32216 13
57483 46664 17
6351 10658 28
14922 44527 6
27256 32599 37
39022 10794 4
53238 38525 16
3099 17526 56
39705 49970 2
30953 5786 21
10658 48313 27
19856 46664 19
47790 1047 16
17816 40954 35
22305 12380 9
29789 4580 29
57905 47480 22
53461 47621 10
39960 49566 44
11008 50436 7
12723 35951 31
57203 42403 18
39717 12380 7
9606 40943 22
27741 834 17
38683 18955 7
37242 32216 15
32703 45974 25
23893 32639 50
54023 59999 0
26928 9435 4
22709 53434 23
2019 27726 47
2013 834 20
59963 48851 23
6436 54023 4
41741 12380 5
38215 43876 39
12692 54704 10
26354 57483 54
20437 26437 5
52976 11812 36
15893 21674 20
42317 38492 3
37071 59999 4
8328 15389 15
13485 54356 30
58845 40690 16
49149 9806 45
49572 21592 28
26861 31961 13
18721 5037 44
11254 5037 6
53547 9806 43
25099 13791 43
23998 14210 10
56245 9435 4
44341 56891 13
1786 50198 22
15980 59999 5
40902 28046 20
36160 29093 19
51880 54893 6
1745 51446 18
14301 59999 2
24105 20031 60
44030 54023 24
42403 2737 16
24735 20625 25
6366 5419 46
46664 57478 16
19018 38683 14
43665 630 30
44390 40100 47
54729 17576 10
28847 14307 43
32734 58991 9
43146 18288 15
6047 53434 11
14307 46673 41
10860 48097 21
9030 31330 8
52075 54304 27
29490 8124 4
21674 44172 18
32829 26686 17
32639 26501 38
42911 5419 68
18817 36934 35
1495 59963 43
5955 34057 23
20911 32382 9
14828 43146 20
22455 29093 19
22096 2013 22
630 49970 9
24472 6522 25
50961 50873 20
38575 18288 13
1956 41203 9
18483 35532 46
19899 28649 4
21629 22709 34
11812 55363 21
2316 54656 27
15109 42956 10
21556 834 18
46567 50561 4
28331 44527 6
37994 44645 27
26890 17378 68
56891 12380 12
35900 50873 17
2160 9806 45
51169 9030 12
39621 12380 6
