54641 8327 19
9095 48908 12
57845 57905 33
50158 4886 21
59143 37795 23
32204 57845 35
8327 27068 7
37794 32204 71
50473 52813 6
50125 12548 11
39502 1340 37
25470 14781 20
37902 40583 12
32429 38996 34
23268 45211 43
49430 6248 32
8104 18457 25
8136 4976 10
30055 3931 37
30708 7796 37
11984 31581 30
42901 27068 8
12288 54641 22
44706 16472 50
13353 51571 25
23022 11077 34
17508 28802 22
14672 5072 21
26074 39623 32
36571 52813 12
576 23863 22
41865 32394 42
50157 27823 48
14383 50083 23
56765 45195 10
3485 36242 14
34832 59429 10
14781 36242 13
35926 21979 19
16333 38309 14
7683 30048 9
21759 1340 37
36005 15977 47
19479 2203 45
12282 6392 59
37529 22945 26
4319 40340 10
46484 17508 23
33135 29629 33
7494 3931 38
48908 40820 4
21031 56846 35
36637 49430 44
18457 40213 20
8320 576 29
54771 59508 52
44542 37795 20
15082 2891 26
6608 50813 25
40340 35112 7
42983 46964 42
16295 31725 27
29071 31737 26
38516 16580 52
54826 12288 24
29401 56350 5
57332 19587 13
35764 8327 13
57905 6248 31
21635 44542 22
34666 53185 64
31729 19587 14
58764 3114 84
16539 44001 37
18048 52001 42
52813 25651 5
7953 47675 28
7307 3485 50
34527 18375 9
59508 26004 16
59346 21759 45
32698 32394 41
13180 6248 32
59675 18275 42
41529 42466 23
39623 4437 29
27626 11167 27
4886 50125 14
9684 59143 25
9006 908 39
1464 27068 6
55279 11077 37
19430 461 70
31971 17655 24
32394 14922 40
54044 23263 36
18375 30538 8
1704 54044 40
23898 25667 21
54271 14187 26
9773 3088 32
53054 53185 65
17523 41849 21
22511 17222 21
56350 59999 2
3883 26966 33
38309 13032 12
5890 13888 28
41473 13180 36
48121 1340 36
46042 50473 29
8230 48349 38
33530 33896 41
52001 11077 37
20929 40213 21
58968 56350 9
15209 24864 40
54406 39270 45
7360 32199 21
48678 26691 20
11894 32204 64
25960 57905 38
30345 17565 39
54074 3455 56
7796 29629 36
38758 51162 11
35612 49665 16
51571 31737 23
32517 23022 37
23263 42170 13
31372 37529 27
22266 23042 30
51039 12979 12
30272 55622 38
19689 19355 38
59038 6248 33
35112 14708 5
13285 23287 24
1667 31283 13
35953 50813 15
6873 13816 26
53631 45950 29
52531 40013 13
38817 25727 18
31063 23287 28
36242 35112 11
42170 40340 10
39270 26278 37
44693 36005 58
34748 6300 43
18168 18375 10
5072 50473 12
10963 20516 3
27991 4319 12
34672 13180 35
45920 44001 33
13060 56788 6
56788 59999 5
37843 53862 33
7101 8320 30
38286 30345 49
55603 31506 39
6285 52813 7
8740 29883 21
6320 31283 12
15549 37176 38
37795 23263 16
3284 8320 39
32361 29071 58
1728 59508 34
20842 53631 39
41745 12288 40
53752 40583 14
37322 30829 114
35449 38516 54
21979 35764 18
14217 59947 14
23516 23022 35
37624 21023 18
37479 57905 37
6930 57845 35
30538 29401 6
29435 24962 44
56181 51039 15
51658 7317 17
37173 35926 20
17655 37795 21
56846 22856 21
39415 2203 20
26691 52813 9
15803 40340 29
49233 50125 13
54968 14217 35
46443 49430 35
41927 19388 14
18758 30048 23
53592 54641 20
59720 36737 37
13174 24346 22
2609 12548 12
3564 11167 26
9474 41927 18
16472 35112 31
11710 34748 45
5090 2265 14
10187 15998 35
49054 18457 33
20243 40583 14
14187 41927 18
48823 1823 28
15155 49067 38
56535 52813 6
33512 3114 106
28604 34748 60
29413 6486 44
59429 25651 8
4369 11077 36
41336 38996 35
29104 1340 43
28802 11673 21
44683 16058 30
47285 22953 22
24962 55349 42
2113 52001 39
50986 35112 24
10925 52658 41
22028 2265 14
29990 28246 40
7092 55271 29
50357 2891 20
28120 31153 45
58319 4319 29
31339 30829 98
31576 23551 26
27796 23551 21
37307 48908 7
44202 50473 22
13355 55087 45
34221 13700 38
27823 15826 39
15897 31283 11
53862 9747 30
41834 10422 22
36494 30272 40
7961 23551 28
42188 14187 24
31737 51465 22
33 16295 32
10833 12682 22
42715 23516 36
6300 17668 42
20526 35112 14
42186 24813 13
3114 6248 46
38994 59516 56
1353 14383 25
33779 815 26
58094 4857 30
21207 57332 14
626 16539 39
54377 32505 13
12682 11673 21
26341 13180 58
10304 40213 40
8309 32457 26
39804 22220 43
41280 40340 16
2697 46782 34
34795 31729 17
5876 30272 41
52462 21023 28
18539 59429 11
59947 40013 13
25032 20243 29
41728 37902 14
13888 44202 23
24864 44001 39
21053 3522 39
21291 2113 47
1823 41196 27
44358 57332 32
8450 31729 21
32041 36242 12
20735 17655 24
7093 4437 47
21868 51420 12
51412 48965 38
37596 21357 43
38977 7093 48
17148 35112 36
520 48227 14
8084 19587 36
40083 35112 35
5098 6486 30
23227 20929 24
20689 700 44
20516 59999 1
55349 33135 35
54029 32429 35
52558 10925 45
20560 31971 34
40583 51420 10
28635 39623 32
30572 6930 38
45195 8327 9
22953 5072 19
24077 20516 5
27068 59999 3
31153 18275 37
20749 58525 32
11492 58319 33
908 3931 37
24346 23287 20
23863 51420 17
17622 736 38
59999 59999 -1
18569 815 27
35755 9095 31
7035 51039 16
25133 15082 27
4976 41196 8
40967 55442 81
2259 29883 40
37315 21979 21
15977 30829 35
12498 38996 36
28246 19587 35
51420 40340 9
16378 41196 15
3562 20643 21
59957 50473 37
25727 3485 16
3455 14187 43
32468 29883 18
12548 51420 10
1232 44240 27
40820 59999 2
11538 8104 26
6262 41927 33
910 30829 34
34543 7317 25
45975 18168 52
8118 14922 44
9272 27991 15
11895 25727 27
59516 32517 41
1725 1340 37
14079 11782 24
58348 40013 15
45706 40583 13
3088 52531 18
24642 44202 24
47369 17148 55
19355 23263 36
10422 2528 20
46964 41336 38
22098 3522 35
49665 45706 14
28253 51420 15
39961 2259 43
13732 36221 22
59998 57332 18
25433 31725 34
11077 41927 33
17668 23516 38
51408 37794 91
31725 35569 11
51465 40316 12
55087 50986 31
25651 59999 3
42748 26293 24
52658 6212 34
40013 12979 10
18275 41336 36
42802 23227 46
22945 18168 25
43111 57905 36
55625 7683 23
40799 54044 41
51681 31737 28
26293 4437 23
50083 37795 19
6248 1340 29
40585 14079 25
55622 22098 36
32708 26074 34
31506 41927 34
27986 56429 37
51162 37307 9
8829 20842 40
35568 40820 27
47260 45920 34
34785 50473 46
1940 42748 26
24447 42170 21
11167 13732 23
56963 59508 23
49574 37843 34
26174 27068 7
30829 6248 33
17320 16333 37
50751 57905 37
45260 30272 43
34484 40820 8
39303 37858 44
45028 56535 9
47210 45706 24
16128 21759 48
12799 56181 26
1516 26074 33
42942 16472 32
30048 29401 7
39175 59346 69
8291 57845 91
13816 41529 24
49503 27823 40
4871 47285 24
20992 41473 40
28667 52676 25
15826 37216 36
18194 52449 9
33691 1464 9
50813 36242 13
42695 55622 38
10603 1725 38
55442 11894 76
21357 53631 40
17222 22028 20
36221 5792 17
38996 41927 33
35569 6285 8
48965 20749 36
25445 34672 39
12529 2113 41
38235 31725 40
13834 576 24
23551 23287 20
41129 26174 10
16575 18539 23
42769 14672 25
15118 19355 42
4857 23863 28
30749 28347 95
31283 35112 9
1399 55625 35
13032 10963 6
8476 32468 21
32457 576 25
2203 56765 17
12979 52813 7
3312 56350 7
33896 59957 40
54870 31729 21
6212 55625 33
31325 48121 104
37938 17722 20
736 55625 35
31581 22945 29
14836 19355 37
45950 22953 21
8160 28604 81
44452 44542 33
3931 37216 36
4577 11894 71
4281 20516 22
9686 16539 39
17925 33 50
28329 16058 26
22013 25032 38
253 11077 37
37805 54641 27
2363 37173 34
14922 30272 39
17080 8230 42
16276 14781 15
21023 48227 17
2528 56350 17
17722 41196 8
32237 16058 23
25110 55737 44
56719 42796 61
2891 36221 18
37216 32429 35
47366 6248 41
4344 2265 14
30662 50473 43
42128 4976 14
3522 35112 34
5061 20759 49
57430 17508 25
4437 51465 22
19228 42748 26
6486 44542 26
40974 6248 34
19388 50125 12
34366 21868 14
23042 32468 20
22719 41336 36
7317 24077 9
20673 18457 23
5990 36494 45
3556 520 58
15970 5792 22
40213 50473 7
6392 36242 47
32939 4281 44
14708 59999 2
40386 58814 73
25667 34366 16
37513 30749 114
21691 46097 20
40316 10963 7
32199 18168 11
20759 31725 38
55737 13180 38
49067 11673 22
5092 37529 28
26278 815 33
5792 35764 16
53185 30048 33
43442 14187 82
23287 42170 13
19587 40583 11
47675 35764 19
41747 7683 25
9982 2891 29
25174 1464 10
41196 56350 5
16580 54377 48
27046 37938 26
48227 51420 13
29883 7317 12
35602 56402 47
58525 35112 28
48349 7364 30
38380 13060 12
45146 11759 36
23140 57905 38
26966 54870 29
15998 34484 25
9829 23268 52
42466 14672 22
6379 13732 23
43970 30345 46
41849 40583 13
29629 31576 27
46019 53752 20
41528 14672 30
28347 22220 53
9814 34484 41
35171 6262 59
35069 30829 78
49939 11538 29
42386 56429 39
36298 45920 35
29522 41834 44
44001 41927 32
40252 59038 39
59059 18539 18
34923 11077 40
37176 26691 27
36774 18375 26
52449 56350 5
9747 51465 19
55271 14383 24
16058 7317 12
58814 53185 70
36132 57845 41
44240 3562 22
2265 42170 11
20421 13700 38
22864 45920 38
26004 520 15
18940 19430 87
37263 53054 66
461 34748 67
52072 3931 47
16780 56402 35
815 50986 25
25052 253 41
25872 21759 62
11782 27068 9
43858 1464 11
16855 18275 39
18087 34484 22
20643 2203 19
45211 52676 18
27863 24642 35
1340 41927 24
54788 21868 13
2115 25651 17
22220 47260 37
46097 52813 11
22856 26691 11
12283 55737 39
56402 41927 32
32505 50125 12
25855 59429 12
57782 22953 20
24813 42170 11
34369 28246 39
9423 29401 12
39995 45950 28
11759 21635 35
42796 26278 37
27266 56350 5
46782 56350 30
17565 40083 38
12422 520 17
24651 25727 43
17941 23140 41
23102 56350 7
1533 41336 42
35476 58525 39
56429 23022 35
5128 37263 87
8575 57332 17
11673 18168 11
37630 31506 39
55340 18168 39
52214 13834 26
46830 56963 25
51016 39303 62
51145 37529 28
7364 18168 26
37858 15082 42
45377 14383 27
700 33135 37
2461 6379 25
13700 46443 37
10040 56535 9
33064 3485 47
20630 27796 24
54806 34527 85
36737 13180 33
52676 56350 14
59079 2461 33
13921 16295 44
